movie: 30, user: 148, vote: 520
rate: 0.5, count: 3, percentage: 0.58%
rate: 1.0, count: 16, percentage: 3.08%
rate: 1.5, count: 3, percentage: 0.58%
rate: 2.0, count: 35, percentage: 6.73%
rate: 2.5, count: 23, percentage: 4.42%
rate: 3.0, count: 127, percentage: 24.42%
rate: 3.5, count: 47, percentage: 9.04%
rate: 4.0, count: 152, percentage: 29.23%
rate: 4.5, count: 16, percentage: 3.08%
rate: 5.0, count: 98, percentage: 18.85%
   ,   ,   ,   ,   ,   ,   ,   ,   ,   ,   ,   ,   ,   ,   ,   ,   ,   ,   ,   ,   ,   ,   ,   ,   ,   ,   ,   ,   ,   
   ,   ,   ,   ,   ,   ,   ,   ,   ,4.0,   ,   ,   ,   ,   ,   ,5.0,   ,   ,   ,   ,   ,   ,   ,   ,   ,   ,   ,   ,   
   ,   ,   ,   ,   ,3.0,   ,   ,   ,   ,4.0,   ,   ,   ,   ,   ,   ,   ,   ,   ,   ,   ,   ,3.5,   ,3.0,   ,   ,4.5,   
   ,   ,   ,   ,   ,   ,   ,   ,   ,4.0,   ,   ,   ,   ,   ,   ,   ,   ,   ,   ,   ,   ,   ,   ,   ,   ,   ,   ,   ,   
   ,   ,4.0,   ,   ,   ,   ,   ,4.0,   ,   ,   ,   ,4.0,   ,   ,   ,   ,   ,   ,   ,   ,   ,   ,   ,   ,   ,   ,   ,   
   ,   ,   ,   ,   ,   ,   ,   ,   ,   ,4.0,   ,   ,   ,2.0,   ,2.0,   ,   ,   ,   ,   ,   ,   ,   ,   ,   ,   ,5.0,   
3.0,   ,   ,   ,   ,   ,   ,   ,   ,3.0,   ,   ,   ,   ,   ,   ,   ,   ,   ,   ,3.0,   ,   ,   ,   ,   ,   ,   ,   ,   
   ,5.0,   ,   ,2.5,   ,5.0,   ,   ,   ,4.0,   ,   ,   ,   ,   ,   ,   ,   ,   ,   ,   ,   ,   ,   ,   ,   ,   ,   ,   
4.0,   ,   ,   ,   ,   ,   ,   ,   ,   ,   ,   ,   ,   ,   ,   ,4.0,   ,   ,   ,   ,   ,   ,   ,   ,3.0,   ,   ,   ,   
   ,   ,   ,   ,5.0,   ,   ,   ,   ,   ,   ,4.0,   ,   ,   ,   ,   ,4.0,   ,   ,   ,   ,   ,   ,   ,   ,   ,   ,   ,   
   ,   ,   ,   ,   ,   ,1.0,   ,   ,   ,   ,4.0,   ,   ,   ,3.0,   ,   ,   ,   ,   ,   ,   ,   ,   ,   ,   ,   ,5.0,   
5.0,   ,   ,   ,   ,   ,   ,   ,   ,   ,   ,   ,   ,   ,   ,   ,   ,   ,   ,   ,   ,   ,   ,   ,   ,   ,   ,   ,   ,   
2.0,2.0,   ,   ,4.5,4.0,   ,   ,   ,3.0,2.5,   ,   ,2.5,   ,3.5,3.0,   ,1.0,   ,4.5,2.5,   ,   ,3.0,   ,   ,   ,   ,   
   ,   ,   ,   ,   ,4.5,   ,   ,   ,   ,   ,   ,   ,   ,   ,   ,   ,   ,   ,   ,   ,   ,   ,   ,4.5,   ,   ,   ,4.5,   
   ,   ,   ,   ,3.0,4.0,3.0,   ,3.0,   ,   ,   ,   ,2.0,   ,   ,4.0,3.0,   ,   ,   ,   ,   ,   ,5.0,   ,   ,   ,   ,   
3.0,3.0,3.0,3.0,   ,3.0,3.0,   ,3.0,3.0,3.0,   ,   ,5.0,   ,5.0,   ,   ,   ,   ,3.0,3.0,1.0,   ,3.0,   ,   ,   ,3.0,   
3.5,   ,2.5,3.5,   ,   ,   ,   ,   ,   ,   ,   ,   ,   ,   ,   ,3.5,   ,   ,   ,   ,   ,   ,   ,   ,   ,   ,   ,   ,   
   ,   ,   ,   ,   ,   ,   ,   ,   ,3.0,   ,   ,   ,   ,   ,   ,   ,   ,   ,   ,3.0,   ,   ,   ,   ,   ,   ,   ,   ,   
   ,4.5,   ,2.0,   ,   ,3.5,2.0,   ,   ,   ,   ,   ,   ,3.0,   ,   ,1.0,   ,2.0,   ,   ,   ,   ,   ,   ,   ,   ,   ,   
3.0,   ,   ,   ,   ,3.5,   ,   ,   ,   ,3.5,   ,   ,   ,   ,4.0,   ,   ,2.0,1.5,   ,   ,   ,3.5,   ,   ,   ,   ,   ,   
   ,   ,   ,   ,   ,5.0,   ,   ,   ,   ,   ,   ,   ,   ,   ,   ,   ,   ,   ,   ,   ,   ,   ,   ,   ,   ,   ,   ,   ,   
   ,   ,3.0,   ,   ,   ,   ,   ,   ,   ,   ,   ,   ,   ,   ,   ,   ,   ,   ,   ,   ,   ,   ,   ,   ,   ,   ,   ,   ,   
5.0,   ,   ,   ,   ,   ,   ,   ,   ,   ,   ,   ,   ,   ,   ,   ,   ,   ,   ,   ,   ,   ,   ,   ,   ,   ,   ,   ,   ,   
   ,   ,   ,   ,   ,   ,   ,   ,   ,   ,   ,   ,   ,   ,   ,   ,   ,   ,   ,   ,5.0,   ,   ,   ,   ,   ,   ,   ,   ,   
   ,   ,   ,   ,   ,   ,   ,   ,   ,   ,   ,   ,   ,   ,   ,   ,   ,   ,   ,   ,   ,   ,   ,   ,   ,   ,   ,   ,   ,   
4.0,2.0,   ,   ,   ,4.0,   ,4.0,   ,   ,4.0,   ,   ,4.0,   ,5.0,   ,2.0,   ,   ,5.0,   ,4.0,   ,4.0,   ,   ,   ,   ,   
   ,4.0,   ,   ,   ,   ,   ,   ,   ,   ,   ,   ,   ,   ,   ,   ,   ,   ,3.0,   ,   ,   ,   ,   ,   ,   ,   ,   ,   ,   
   ,   ,   ,   ,   ,3.0,   ,   ,   ,   ,   ,   ,   ,   ,   ,   ,   ,   ,   ,   ,4.0,   ,   ,   ,   ,   ,   ,   ,   ,   
   ,   ,   ,   ,   ,   ,   ,   ,   ,   ,   ,   ,   ,   ,   ,   ,   ,   ,   ,   ,   ,   ,   ,2.5,   ,   ,   ,   ,   ,   
   ,   ,   ,   ,   ,3.0,   ,   ,   ,   ,   ,   ,   ,   ,   ,3.0,   ,4.0,   ,   ,3.0,   ,   ,   ,4.0,   ,   ,   ,   ,   
4.0,   ,   ,   ,   ,   ,   ,   ,   ,   ,   ,   ,   ,   ,   ,   ,   ,   ,   ,   ,   ,   ,   ,   ,   ,   ,   ,   ,   ,   
   ,   ,   ,   ,   ,   ,   ,   ,   ,   ,   ,   ,   ,   ,   ,4.5,   ,   ,   ,   ,   ,   ,   ,   ,   ,   ,   ,   ,   ,   
   ,   ,   ,   ,   ,4.0,   ,   ,   ,5.0,   ,   ,   ,   ,   ,5.0,   ,   ,   ,   ,3.0,4.0,   ,   ,   ,   ,   ,   ,   ,   
   ,3.5,   ,   ,   ,   ,   ,   ,   ,   ,   ,   ,   ,   ,   ,   ,   ,   ,   ,   ,   ,   ,   ,   ,   ,   ,   ,   ,4.0,   
4.0,   ,   ,   ,   ,   ,   ,   ,   ,   ,   ,   ,   ,   ,   ,   ,   ,   ,   ,   ,   ,   ,   ,   ,   ,   ,   ,   ,   ,   
4.0,   ,5.0,   ,3.0,3.0,   ,   ,   ,   ,   ,   ,   ,   ,   ,   ,2.0,   ,   ,   ,   ,   ,   ,   ,3.0,   ,   ,   ,   ,   
5.0,5.0,   ,   ,   ,   ,   ,   ,   ,4.0,   ,   ,   ,   ,   ,   ,   ,   ,   ,   ,   ,   ,   ,   ,   ,   ,   ,   ,   ,   
4.0,3.5,   ,   ,   ,   ,   ,   ,   ,   ,   ,   ,   ,   ,   ,   ,   ,   ,   ,   ,   ,   ,   ,   ,   ,   ,   ,   ,   ,   
   ,5.0,   ,   ,   ,   ,   ,   ,   ,   ,   ,   ,   ,   ,   ,   ,   ,   ,   ,   ,   ,   ,   ,   ,   ,   ,   ,   ,   ,   
   ,   ,   ,   ,   ,   ,   ,   ,   ,4.0,   ,   ,   ,   ,   ,   ,   ,   ,   ,   ,3.0,   ,   ,   ,   ,   ,   ,   ,   ,   
3.0,   ,   ,   ,3.0,5.0,2.0,   ,3.0,   ,   ,   ,   ,   ,   ,   ,   ,   ,   ,   ,   ,   ,   ,   ,   ,   ,   ,   ,   ,   
4.0,   ,   ,   ,   ,   ,   ,   ,   ,4.0,   ,   ,   ,   ,   ,4.0,   ,   ,   ,   ,2.0,   ,   ,   ,   ,   ,   ,   ,4.0,   
   ,   ,   ,   ,   ,   ,   ,   ,   ,   ,5.0,   ,   ,   ,   ,   ,5.0,   ,   ,   ,4.0,   ,   ,   ,   ,   ,   ,   ,   ,   
   ,   ,   ,   ,   ,   ,   ,   ,   ,   ,5.0,   ,   ,   ,   ,   ,   ,   ,1.0,   ,   ,   ,   ,   ,   ,   ,   ,   ,   ,   
   ,   ,   ,   ,   ,   ,   ,   ,   ,   ,2.5,   ,   ,   ,   ,   ,   ,   ,   ,   ,   ,   ,   ,   ,   ,   ,   ,   ,   ,   
   ,   ,   ,   ,   ,   ,   ,   ,   ,   ,   ,   ,   ,   ,   ,4.5,   ,   ,   ,   ,3.0,   ,   ,   ,   ,   ,   ,   ,   ,   
   ,3.5,   ,   ,   ,   ,   ,   ,   ,   ,   ,   ,   ,   ,   ,   ,   ,   ,   ,   ,   ,   ,   ,   ,   ,   ,   ,   ,   ,   
5.0,   ,   ,   ,   ,   ,   ,   ,   ,   ,3.5,   ,   ,   ,   ,5.0,   ,   ,   ,   ,   ,   ,   ,   ,   ,   ,   ,   ,   ,   
   ,   ,   ,   ,   ,   ,   ,   ,   ,   ,   ,   ,   ,   ,   ,   ,   ,   ,   ,   ,4.0,2.0,   ,   ,   ,   ,   ,   ,   ,   
3.0,   ,   ,   ,   ,5.0,   ,   ,   ,   ,   ,3.0,   ,   ,   ,4.0,4.0,4.0,   ,   ,   ,   ,   ,   ,   ,   ,   ,5.0,   ,   
4.0,3.0,   ,   ,   ,   ,   ,   ,   ,   ,3.5,   ,   ,   ,   ,   ,   ,   ,   ,   ,   ,   ,   ,   ,   ,   ,   ,   ,   ,   
5.0,3.5,   ,   ,5.0,   ,   ,   ,   ,   ,   ,   ,   ,   ,   ,   ,   ,   ,4.0,   ,   ,   ,   ,   ,   ,   ,   ,   ,   ,   
5.0,   ,5.0,   ,5.0,   ,3.0,   ,3.0,   ,   ,3.0,   ,3.0,   ,   ,4.0,   ,   ,   ,   ,   ,   ,   ,5.0,5.0,   ,   ,   ,   
3.5,2.5,   ,   ,   ,   ,   ,   ,   ,   ,   ,   ,   ,   ,   ,   ,   ,   ,   ,   ,   ,   ,   ,   ,   ,   ,   ,   ,   ,   
5.0,2.5,   ,   ,   ,4.5,   ,   ,   ,3.0,   ,   ,   ,   ,2.5,4.0,   ,   ,1.5,   ,3.5,   ,   ,   ,4.5,   ,   ,   ,   ,   
   ,   ,   ,   ,   ,   ,   ,   ,   ,5.0,   ,   ,   ,   ,   ,3.0,4.0,   ,   ,   ,   ,   ,   ,   ,   ,   ,   ,   ,   ,   
3.0,   ,3.0,   ,   ,   ,   ,   ,   ,   ,   ,   ,   ,   ,   ,   ,   ,   ,   ,   ,   ,   ,   ,   ,   ,   ,   ,   ,   ,   
4.0,   ,   ,   ,   ,3.5,   ,   ,   ,3.0,   ,   ,   ,   ,   ,   ,   ,   ,   ,   ,   ,   ,   ,   ,   ,   ,   ,   ,   ,   
   ,3.5,   ,   ,   ,   ,   ,   ,   ,5.0,   ,   ,   ,   ,   ,5.0,   ,   ,   ,   ,   ,   ,   ,   ,   ,   ,   ,   ,   ,   
2.0,2.5,   ,   ,   ,   ,0.5,   ,   ,   ,   ,   ,   ,   ,   ,   ,   ,   ,   ,   ,   ,   ,   ,   ,   ,   ,   ,   ,   ,   
   ,2.0,   ,   ,   ,4.0,4.0,   ,   ,3.0,   ,   ,   ,   ,   ,5.0,   ,   ,   ,1.0,4.0,   ,   ,   ,4.0,   ,   ,   ,   ,   
   ,   ,   ,   ,   ,   ,   ,   ,   ,3.0,   ,   ,   ,   ,   ,   ,   ,   ,   ,   ,3.0,   ,   ,   ,   ,   ,   ,   ,   ,   
   ,   ,   ,   ,   ,5.0,   ,   ,   ,   ,   ,   ,   ,   ,   ,   ,   ,   ,   ,   ,1.0,   ,   ,   ,   ,   ,   ,   ,   ,   
3.5,   ,   ,   ,   ,   ,   ,   ,   ,   ,   ,   ,   ,   ,   ,   ,   ,   ,   ,   ,   ,   ,   ,   ,   ,   ,   ,   ,   ,   
   ,5.0,2.0,   ,3.0,   ,   ,   ,   ,5.0,   ,   ,   ,   ,   ,   ,   ,   ,3.0,   ,4.0,   ,3.0,   ,   ,   ,   ,   ,   ,   
3.0,   ,   ,   ,   ,   ,   ,   ,   ,   ,1.0,   ,   ,4.0,   ,   ,5.0,5.0,1.0,   ,1.0,   ,   ,   ,3.0,4.0,   ,4.0,4.0,5.0
3.0,   ,   ,   ,   ,   ,3.0,   ,   ,   ,   ,   ,   ,   ,   ,   ,   ,   ,   ,   ,   ,   ,   ,   ,4.0,   ,   ,   ,   ,   
   ,3.5,   ,   ,   ,   ,4.0,   ,   ,   ,3.5,   ,   ,   ,   ,   ,   ,   ,   ,   ,3.5,   ,   ,   ,   ,   ,   ,   ,   ,   
5.0,   ,   ,   ,   ,   ,   ,   ,   ,   ,   ,   ,   ,   ,   ,   ,   ,   ,   ,   ,   ,   ,   ,   ,   ,   ,   ,   ,   ,   
4.0,   ,   ,   ,   ,4.0,   ,   ,   ,   ,   ,   ,   ,   ,   ,   ,   ,   ,   ,   ,   ,   ,   ,   ,2.0,   ,   ,   ,5.0,   
5.0,   ,   ,   ,   ,   ,   ,   ,   ,   ,   ,3.5,   ,   ,   ,   ,   ,   ,4.0,   ,   ,   ,3.5,   ,   ,   ,   ,   ,   ,   
5.0,3.0,   ,   ,   ,3.0,   ,   ,   ,2.0,4.0,   ,   ,   ,   ,   ,   ,   ,1.0,   ,5.0,   ,   ,   ,   ,   ,   ,   ,   ,   
4.0,   ,   ,   ,   ,   ,   ,   ,   ,   ,3.5,   ,   ,   ,   ,   ,4.0,   ,   ,   ,5.0,   ,   ,   ,3.5,   ,   ,   ,   ,   
4.0,   ,   ,   ,   ,   ,   ,   ,   ,   ,   ,   ,   ,   ,   ,3.5,   ,   ,   ,   ,   ,   ,   ,   ,   ,   ,   ,   ,   ,   
   ,   ,   ,   ,   ,5.0,   ,   ,3.0,   ,4.0,   ,   ,   ,   ,5.0,   ,   ,4.0,   ,   ,   ,   ,4.0,   ,   ,   ,   ,   ,   
1.0,   ,   ,   ,   ,   ,   ,   ,   ,   ,   ,   ,   ,   ,   ,   ,   ,   ,   ,   ,   ,   ,   ,   ,   ,   ,   ,   ,   ,   
   ,   ,   ,   ,3.0,   ,   ,   ,   ,   ,   ,   ,   ,   ,   ,   ,   ,   ,   ,   ,   ,   ,   ,   ,   ,   ,   ,   ,   ,   
4.0,2.0,   ,   ,   ,   ,   ,   ,   ,   ,   ,   ,   ,   ,   ,   ,3.0,   ,   ,   ,   ,   ,   ,   ,   ,   ,   ,3.0,   ,   
4.0,   ,4.0,   ,   ,3.0,3.0,   ,   ,   ,   ,   ,   ,   ,   ,   ,   ,   ,   ,   ,   ,   ,   ,   ,4.0,   ,   ,   ,   ,   
   ,   ,   ,   ,   ,   ,   ,   ,   ,   ,   ,   ,   ,4.0,   ,   ,   ,   ,   ,   ,   ,   ,   ,   ,4.0,   ,   ,4.0,   ,   
   ,   ,   ,   ,   ,   ,   ,   ,   ,   ,   ,   ,   ,   ,   ,   ,   ,   ,   ,   ,   ,   ,   ,   ,   ,   ,   ,   ,5.0,   
   ,   ,   ,   ,   ,3.0,   ,   ,   ,3.5,3.5,   ,   ,   ,   ,5.0,   ,   ,2.0,   ,3.5,2.5,   ,   ,4.0,   ,   ,   ,   ,   
4.0,   ,   ,   ,   ,   ,   ,   ,   ,   ,   ,   ,   ,   ,   ,   ,   ,   ,   ,   ,   ,   ,   ,   ,   ,   ,   ,   ,   ,   
   ,   ,   ,   ,   ,   ,   ,   ,   ,4.0,   ,   ,   ,   ,   ,   ,   ,   ,   ,   ,   ,   ,   ,   ,   ,   ,   ,   ,   ,   
   ,   ,   ,   ,   ,   ,   ,   ,   ,   ,   ,   ,   ,   ,   ,3.5,   ,   ,   ,   ,   ,   ,   ,   ,   ,   ,   ,   ,   ,   
   ,   ,4.0,   ,4.0,4.0,4.0,   ,5.0,4.0,5.0,   ,   ,   ,   ,4.0,   ,   ,4.0,   ,   ,   ,5.0,   ,   ,   ,   ,   ,   ,   
   ,   ,   ,   ,3.0,   ,3.5,   ,   ,3.5,4.0,   ,   ,   ,   ,   ,   ,2.5,   ,   ,   ,   ,   ,   ,4.0,   ,   ,   ,   ,   
5.0,   ,5.0,   ,   ,3.0,   ,   ,   ,   ,   ,   ,   ,   ,   ,   ,   ,3.0,   ,   ,   ,   ,   ,   ,   ,   ,   ,   ,   ,   
   ,5.0,   ,3.0,5.0,4.0,   ,5.0,4.0,3.0,   ,   ,   ,   ,   ,5.0,   ,   ,   ,5.0,5.0,   ,   ,5.0,4.0,   ,   ,   ,   ,   
   ,   ,   ,   ,   ,   ,   ,   ,   ,4.0,   ,   ,   ,   ,   ,   ,   ,   ,   ,   ,   ,   ,   ,   ,   ,   ,   ,   ,   ,   
   ,5.0,5.0,   ,   ,   ,   ,   ,   ,   ,   ,   ,   ,   ,   ,   ,   ,   ,4.0,   ,   ,   ,   ,   ,   ,   ,   ,   ,   ,   
   ,   ,   ,   ,   ,   ,   ,   ,   ,   ,   ,   ,   ,   ,   ,4.0,   ,   ,   ,   ,   ,   ,   ,   ,   ,   ,   ,   ,   ,   
2.0,3.0,   ,   ,   ,5.0,   ,   ,   ,   ,   ,   ,   ,   ,   ,3.0,   ,   ,   ,   ,4.0,   ,   ,3.0,   ,5.0,   ,   ,3.0,   
2.5,   ,   ,   ,   ,   ,   ,   ,   ,   ,   ,   ,   ,   ,   ,   ,   ,   ,   ,   ,   ,   ,   ,   ,   ,   ,   ,   ,   ,   
4.0,   ,   ,   ,   ,4.0,   ,   ,   ,3.0,4.0,   ,   ,   ,   ,   ,5.0,   ,   ,   ,   ,   ,   ,   ,   ,   ,   ,   ,   ,   
3.0,   ,   ,   ,   ,   ,   ,   ,   ,3.0,   ,   ,   ,   ,   ,   ,3.0,   ,   ,   ,   ,   ,   ,   ,   ,   ,   ,3.0,   ,   
4.5,3.0,   ,   ,   ,   ,   ,   ,   ,   ,   ,   ,   ,   ,   ,   ,   ,   ,4.0,   ,   ,   ,   ,   ,   ,   ,   ,   ,   ,   
4.0,   ,   ,   ,   ,   ,   ,   ,   ,   ,4.0,   ,   ,   ,   ,   ,   ,   ,   ,   ,   ,   ,   ,   ,   ,   ,   ,   ,   ,   
5.0,3.0,   ,   ,   ,   ,   ,   ,   ,3.0,   ,   ,   ,   ,   ,   ,   ,   ,   ,   ,   ,   ,   ,   ,   ,   ,   ,   ,   ,   
   ,   ,   ,   ,4.0,   ,   ,   ,   ,   ,   ,   ,   ,   ,   ,   ,   ,   ,   ,   ,   ,   ,   ,   ,   ,   ,   ,   ,   ,   
5.0,4.0,2.0,3.0,   ,   ,5.0,4.0,   ,   ,   ,   ,   ,   ,   ,   ,   ,   ,   ,   ,   ,   ,   ,   ,2.0,   ,   ,   ,   ,   
3.0,   ,   ,   ,   ,   ,   ,   ,   ,3.5,   ,   ,   ,   ,   ,   ,   ,   ,1.0,   ,3.5,   ,   ,   ,   ,   ,   ,   ,   ,   
3.5,4.5,   ,   ,1.0,   ,   ,   ,   ,4.0,   ,   ,   ,   ,   ,4.0,   ,   ,2.0,   ,   ,   ,   ,   ,   ,   ,   ,   ,5.0,   
   ,   ,   ,   ,   ,   ,   ,   ,   ,3.0,   ,   ,   ,   ,   ,   ,   ,4.0,   ,3.0,3.0,   ,   ,   ,   ,   ,3.0,   ,   ,   
   ,   ,   ,   ,   ,   ,   ,   ,   ,4.0,   ,   ,   ,   ,   ,   ,   ,   ,   ,   ,   ,   ,   ,   ,   ,   ,   ,   ,   ,   
2.0,   ,   ,   ,   ,   ,   ,   ,   ,   ,   ,   ,   ,   ,   ,   ,   ,   ,   ,   ,   ,   ,   ,   ,   ,   ,   ,   ,   ,   
   ,   ,   ,   ,4.5,   ,   ,   ,   ,   ,   ,   ,   ,   ,   ,   ,   ,   ,   ,   ,   ,   ,   ,   ,   ,   ,   ,   ,   ,   
4.0,   ,   ,   ,   ,   ,   ,   ,   ,   ,   ,   ,   ,   ,   ,   ,   ,   ,   ,   ,   ,   ,   ,   ,   ,   ,   ,   ,   ,   
   ,   ,   ,   ,   ,   ,   ,   ,   ,5.0,   ,   ,   ,   ,   ,   ,   ,   ,   ,   ,2.0,   ,   ,   ,   ,   ,   ,   ,   ,   
   ,   ,   ,   ,   ,   ,   ,   ,   ,   ,   ,   ,   ,   ,   ,   ,   ,   ,   ,   ,   ,   ,   ,   ,   ,   ,   ,   ,3.5,   
3.0,   ,   ,   ,   ,   ,   ,   ,   ,   ,   ,   ,   ,   ,   ,   ,   ,   ,   ,   ,   ,   ,   ,   ,   ,   ,   ,   ,   ,   
3.0,3.0,   ,   ,2.5,   ,   ,   ,   ,4.0,   ,   ,   ,   ,   ,   ,   ,   ,3.0,   ,3.5,   ,2.0,   ,4.0,   ,   ,   ,   ,   
   ,4.0,   ,   ,   ,   ,   ,   ,   ,5.0,   ,   ,   ,   ,   ,   ,   ,   ,3.0,   ,5.0,   ,   ,   ,   ,   ,   ,   ,   ,   
3.5,   ,   ,   ,   ,4.0,   ,   ,   ,1.5,   ,   ,   ,   ,   ,   ,   ,   ,   ,   ,3.5,   ,   ,   ,0.5,   ,   ,   ,   ,   
5.0,   ,   ,   ,   ,   ,   ,   ,   ,   ,   ,   ,   ,   ,   ,   ,   ,   ,   ,   ,   ,   ,   ,   ,   ,   ,   ,   ,   ,   
4.0,   ,4.0,   ,3.0,   ,3.0,   ,   ,   ,   ,   ,   ,   ,   ,   ,   ,5.0,   ,   ,   ,   ,   ,   ,   ,   ,   ,   ,   ,   
3.5,2.5,   ,   ,   ,   ,   ,   ,   ,3.5,   ,2.0,   ,   ,   ,   ,   ,   ,   ,   ,   ,   ,   ,   ,   ,   ,   ,   ,   ,   
   ,   ,   ,   ,   ,   ,   ,   ,   ,2.5,   ,   ,   ,   ,   ,   ,   ,   ,   ,   ,   ,   ,   ,   ,4.5,   ,   ,   ,   ,   
   ,4.0,   ,   ,   ,   ,   ,   ,   ,4.0,4.0,   ,   ,   ,   ,   ,5.0,   ,   ,   ,3.0,   ,   ,   ,3.0,   ,   ,   ,   ,   
   ,   ,2.0,   ,4.0,3.0,3.0,   ,   ,   ,   ,   ,   ,   ,   ,   ,4.0,   ,   ,   ,   ,   ,   ,   ,   ,   ,   ,   ,   ,   
3.0,   ,   ,   ,   ,   ,   ,   ,   ,   ,   ,   ,   ,   ,   ,   ,   ,   ,0.5,   ,   ,   ,   ,   ,   ,   ,   ,   ,   ,   
3.5,   ,   ,   ,   ,   ,   ,   ,   ,4.0,   ,   ,   ,   ,   ,   ,   ,   ,   ,   ,   ,   ,   ,   ,   ,   ,   ,   ,   ,   
2.5,3.0,2.5,   ,   ,   ,   ,   ,   ,2.5,   ,   ,   ,   ,   ,   ,   ,   ,1.0,   ,2.5,3.5,   ,   ,   ,   ,   ,   ,   ,   
5.0,   ,   ,3.0,   ,   ,   ,   ,   ,   ,   ,   ,   ,   ,   ,   ,   ,   ,   ,2.0,4.0,   ,   ,   ,   ,   ,   ,   ,   ,   
4.0,   ,   ,   ,   ,   ,   ,   ,   ,   ,   ,   ,   ,   ,   ,   ,   ,   ,   ,   ,   ,   ,   ,   ,   ,   ,   ,   ,   ,   
   ,   ,   ,   ,   ,   ,   ,   ,   ,   ,   ,   ,   ,   ,   ,   ,   ,   ,   ,   ,   ,   ,   ,   ,   ,   ,   ,   ,2.5,   
   ,   ,   ,   ,   ,   ,   ,   ,   ,   ,   ,   ,   ,   ,   ,5.0,   ,   ,   ,   ,   ,   ,   ,   ,   ,   ,   ,   ,   ,   
   ,   ,   ,   ,   ,   ,   ,   ,   ,   ,   ,   ,   ,   ,   ,   ,4.0,   ,   ,   ,   ,   ,   ,   ,   ,   ,   ,   ,   ,   
4.0,   ,   ,   ,   ,5.0,   ,   ,   ,   ,   ,   ,   ,   ,   ,   ,   ,   ,   ,   ,   ,   ,   ,   ,   ,   ,   ,   ,   ,   
4.0,   ,   ,   ,   ,   ,   ,   ,   ,   ,   ,   ,   ,   ,   ,   ,   ,   ,   ,   ,   ,   ,   ,   ,   ,   ,   ,   ,   ,   
2.0,3.0,   ,   ,   ,   ,   ,   ,   ,   ,   ,   ,   ,   ,   ,   ,   ,   ,2.0,   ,   ,   ,   ,   ,   ,   ,   ,   ,   ,   
5.0,5.0,   ,   ,   ,5.0,   ,   ,   ,4.0,   ,   ,   ,   ,   ,   ,   ,4.0,   ,   ,   ,4.0,3.0,   ,   ,   ,   ,   ,   ,   
4.0,   ,   ,   ,   ,   ,   ,   ,   ,   ,   ,   ,   ,   ,   ,   ,   ,   ,   ,   ,   ,   ,   ,   ,   ,   ,   ,   ,   ,   
5.0,   ,   ,   ,   ,   ,   ,   ,   ,   ,   ,   ,   ,   ,   ,   ,   ,   ,   ,   ,   ,   ,   ,   ,   ,   ,   ,   ,   ,   
   ,   ,   ,   ,   ,   ,   ,   ,   ,   ,   ,   ,   ,   ,   ,   ,   ,   ,   ,   ,   ,   ,   ,4.0,   ,   ,   ,   ,   ,   
   ,5.0,4.0,3.0,4.0,   ,5.0,5.0,3.0,   ,5.0,   ,3.0,   ,   ,   ,3.0,   ,   ,   ,3.0,   ,   ,   ,1.0,   ,   ,   ,   ,   
5.0,   ,   ,   ,   ,   ,   ,   ,   ,   ,   ,   ,   ,   ,   ,   ,   ,   ,   ,   ,   ,   ,   ,   ,   ,   ,   ,   ,   ,   
5.0,4.0,   ,   ,   ,   ,   ,   ,   ,   ,   ,   ,   ,   ,   ,   ,   ,   ,   ,   ,   ,   ,   ,4.0,   ,   ,   ,   ,5.0,   
4.0,3.0,   ,   ,   ,   ,   ,   ,   ,   ,   ,   ,   ,   ,   ,4.0,   ,   ,   ,   ,   ,   ,   ,   ,   ,   ,   ,   ,   ,   
   ,4.0,   ,   ,   ,   ,   ,   ,   ,4.0,   ,   ,   ,   ,   ,   ,   ,   ,   ,   ,   ,3.0,   ,4.0,   ,   ,   ,   ,   ,   
   ,   ,   ,   ,   ,   ,   ,   ,   ,2.0,   ,   ,   ,   ,   ,   ,   ,   ,   ,   ,   ,   ,   ,   ,   ,   ,   ,   ,   ,   
   ,4.0,   ,   ,   ,   ,   ,   ,   ,   ,   ,   ,   ,   ,   ,   ,   ,   ,3.0,   ,   ,   ,   ,   ,   ,   ,   ,   ,   ,   
4.0,   ,   ,   ,   ,   ,   ,   ,   ,   ,   ,   ,   ,   ,   ,4.0,   ,   ,   ,   ,   ,   ,   ,   ,   ,   ,   ,   ,   ,   
   ,   ,   ,   ,   ,   ,   ,   ,   ,   ,   ,   ,   ,   ,   ,   ,   ,   ,3.0,   ,   ,   ,   ,   ,   ,   ,   ,   ,   ,   
   ,   ,   ,   ,   ,4.0,   ,   ,   ,   ,   ,   ,   ,   ,   ,   ,   ,   ,   ,   ,   ,   ,   ,   ,3.0,   ,   ,   ,   ,   
   ,   ,   ,   ,4.0,   ,   ,   ,   ,   ,   ,   ,   ,   ,   ,   ,   ,   ,   ,   ,   ,   ,   ,   ,   ,   ,   ,   ,   ,   
   ,   ,   ,   ,   ,4.5,   ,   ,   ,2.5,   ,4.0,   ,   ,   ,4.0,   ,   ,   ,   ,   ,   ,3.5,   ,4.0,   ,   ,   ,   ,   
3.0,3.5,   ,   ,   ,   ,   ,   ,   ,   ,   ,   ,   ,   ,   ,   ,   ,   ,   ,   ,   ,   ,   ,   ,   ,   ,   ,   ,   ,   



   ,   ,   ,   ,   ,   ,   ,   ,   ,   ,   ,   ,   ,   ,   ,   ,   ,   ,   ,   ,   ,   ,   ,   ,   ,   ,   ,   ,   ,   
   ,   ,   ,   ,   ,   ,   ,   ,   ,4.0,   ,   ,   ,   ,   ,   ,5.0,   ,   ,   ,   ,   ,   ,   ,   ,   ,   ,   ,   ,   
   ,   ,   ,   ,   ,3.0,   ,   ,   ,   ,4.0,   ,   ,   ,   ,   ,   ,   ,   ,   ,   ,   ,   ,3.5,   ,3.0,   ,   ,4.5,   
   ,   ,   ,   ,   ,   ,   ,   ,   ,4.0,   ,   ,   ,   ,   ,   ,   ,   ,   ,   ,   ,   ,   ,   ,   ,   ,   ,   ,   ,   
   ,   ,4.0,   ,   ,   ,   ,   ,4.0,   ,   ,   ,   ,4.0,   ,   ,   ,   ,   ,   ,   ,   ,   ,   ,   ,   ,   ,   ,   ,   
   ,   ,   ,   ,   ,   ,   ,   ,   ,   ,4.0,   ,   ,   ,2.0,   ,2.0,   ,   ,   ,   ,   ,   ,   ,   ,   ,   ,   ,5.0,   
3.0,   ,   ,   ,   ,   ,   ,   ,   ,3.0,   ,   ,   ,   ,   ,   ,   ,   ,   ,   ,3.0,   ,   ,   ,   ,   ,   ,   ,   ,   
   ,5.0,   ,   ,2.5,   ,5.0,   ,   ,   ,4.0,   ,   ,   ,   ,   ,   ,   ,   ,   ,   ,   ,   ,   ,   ,   ,   ,   ,   ,   
4.0,   ,   ,   ,   ,   ,   ,   ,   ,   ,   ,   ,   ,   ,   ,   ,4.0,   ,   ,   ,   ,   ,   ,   ,   ,3.0,   ,   ,   ,   
   ,   ,   ,   ,   ,   ,   ,   ,   ,   ,   ,   ,   ,   ,   ,   ,   ,   ,   ,   ,   ,   ,   ,   ,   ,   ,   ,   ,   ,   
4.0,2.0,   ,   ,   ,   ,   ,   ,   ,   ,   ,   ,   ,   ,   ,   ,3.0,   ,   ,   ,   ,   ,   ,   ,   ,   ,   ,3.0,   ,   
3.5,   ,2.5,3.5,   ,   ,   ,   ,   ,   ,   ,   ,   ,   ,   ,   ,3.5,   ,   ,   ,   ,   ,   ,   ,   ,   ,   ,   ,   ,   
5.0,   ,   ,   ,   ,   ,   ,   ,   ,   ,   ,   ,   ,   ,   ,   ,   ,   ,   ,   ,   ,   ,   ,   ,   ,   ,   ,   ,   ,   
5.0,   ,   ,   ,   ,   ,   ,   ,   ,   ,   ,   ,   ,   ,   ,   ,   ,   ,   ,   ,   ,   ,   ,   ,   ,   ,   ,   ,   ,   
4.0,   ,   ,   ,   ,   ,   ,   ,   ,   ,   ,   ,   ,   ,   ,   ,   ,   ,   ,   ,   ,   ,   ,   ,   ,   ,   ,   ,   ,   
4.0,   ,   ,   ,   ,   ,   ,   ,   ,   ,   ,   ,   ,   ,   ,   ,   ,   ,   ,   ,   ,   ,   ,   ,   ,   ,   ,   ,   ,   
   ,   ,   ,   ,5.0,   ,   ,   ,   ,   ,   ,4.0,   ,   ,   ,   ,   ,4.0,   ,   ,   ,   ,   ,   ,   ,   ,   ,   ,   ,   
   ,   ,   ,   ,3.0,   ,   ,   ,   ,   ,   ,   ,   ,   ,   ,   ,   ,   ,   ,   ,   ,   ,   ,   ,   ,   ,   ,   ,   ,   
   ,   ,   ,   ,4.0,   ,   ,   ,   ,   ,   ,   ,   ,   ,   ,   ,   ,   ,   ,   ,   ,   ,   ,   ,   ,   ,   ,   ,   ,   
   ,   ,   ,   ,4.5,   ,   ,   ,   ,   ,   ,   ,   ,   ,   ,   ,   ,   ,   ,   ,   ,   ,   ,   ,   ,   ,   ,   ,   ,   
   ,   ,   ,   ,4.0,   ,   ,   ,   ,   ,   ,   ,   ,   ,   ,   ,   ,   ,   ,   ,   ,   ,   ,   ,   ,   ,   ,   ,   ,   
4.0,   ,4.0,   ,3.0,   ,3.0,   ,   ,   ,   ,   ,   ,   ,   ,   ,   ,5.0,   ,   ,   ,   ,   ,   ,   ,   ,   ,   ,   ,   
   ,   ,   ,   ,3.0,   ,3.5,   ,   ,3.5,4.0,   ,   ,   ,   ,   ,   ,2.5,   ,   ,   ,   ,   ,   ,4.0,   ,   ,   ,   ,   
5.0,3.5,   ,   ,5.0,   ,   ,   ,   ,   ,   ,   ,   ,   ,   ,   ,   ,   ,4.0,   ,   ,   ,   ,   ,   ,   ,   ,   ,   ,   
   ,   ,   ,   ,   ,   ,1.0,   ,   ,   ,   ,4.0,   ,   ,   ,3.0,   ,   ,   ,   ,   ,   ,   ,   ,   ,   ,   ,   ,5.0,   
   ,   ,   ,   ,   ,   ,   ,   ,   ,   ,   ,   ,   ,   ,   ,   ,   ,   ,   ,   ,   ,   ,   ,   ,   ,   ,   ,   ,3.5,   
   ,   ,   ,   ,   ,   ,   ,   ,   ,   ,   ,   ,   ,   ,   ,   ,   ,   ,   ,   ,   ,   ,   ,   ,   ,   ,   ,   ,5.0,   
   ,   ,   ,   ,   ,   ,   ,   ,   ,   ,   ,   ,   ,   ,   ,   ,   ,   ,   ,   ,   ,   ,   ,   ,   ,   ,   ,   ,2.5,   
4.0,   ,   ,   ,   ,   ,   ,   ,   ,4.0,   ,   ,   ,   ,   ,4.0,   ,   ,   ,   ,2.0,   ,   ,   ,   ,   ,   ,   ,4.0,   
3.5,4.5,   ,   ,1.0,   ,   ,   ,   ,4.0,   ,   ,   ,   ,   ,4.0,   ,   ,2.0,   ,   ,   ,   ,   ,   ,   ,   ,   ,5.0,   
   ,3.5,   ,   ,   ,   ,   ,   ,   ,   ,   ,   ,   ,   ,   ,   ,   ,   ,   ,   ,   ,   ,   ,   ,   ,   ,   ,   ,4.0,   
4.0,   ,   ,   ,   ,4.0,   ,   ,   ,   ,   ,   ,   ,   ,   ,   ,   ,   ,   ,   ,   ,   ,   ,   ,2.0,   ,   ,   ,5.0,   
2.0,2.0,   ,   ,4.5,4.0,   ,   ,   ,3.0,2.5,   ,   ,2.5,   ,3.5,3.0,   ,1.0,   ,4.5,2.5,   ,   ,3.0,   ,   ,   ,   ,   
   ,   ,   ,   ,   ,3.0,   ,   ,   ,3.5,3.5,   ,   ,   ,   ,5.0,   ,   ,2.0,   ,3.5,2.5,   ,   ,4.0,   ,   ,   ,   ,   
5.0,2.5,   ,   ,   ,4.5,   ,   ,   ,3.0,   ,   ,   ,   ,2.5,4.0,   ,   ,1.5,   ,3.5,   ,   ,   ,4.5,   ,   ,   ,   ,   
3.0,3.0,3.0,3.0,   ,3.0,3.0,   ,3.0,3.0,3.0,   ,   ,5.0,   ,5.0,   ,   ,   ,   ,3.0,3.0,1.0,   ,3.0,   ,   ,   ,3.0,   
4.0,2.0,   ,   ,   ,4.0,   ,4.0,   ,   ,4.0,   ,   ,4.0,   ,5.0,   ,2.0,   ,   ,5.0,   ,4.0,   ,4.0,   ,   ,   ,   ,   
   ,   ,   ,   ,   ,4.0,   ,   ,   ,5.0,   ,   ,   ,   ,   ,5.0,   ,   ,   ,   ,3.0,4.0,   ,   ,   ,   ,   ,   ,   ,   
   ,2.0,   ,   ,   ,4.0,4.0,   ,   ,3.0,   ,   ,   ,   ,   ,5.0,   ,   ,   ,1.0,4.0,   ,   ,   ,4.0,   ,   ,   ,   ,   
3.0,3.0,   ,   ,2.5,   ,   ,   ,   ,4.0,   ,   ,   ,   ,   ,   ,   ,   ,3.0,   ,3.5,   ,2.0,   ,4.0,   ,   ,   ,   ,   
   ,   ,   ,   ,   ,4.5,   ,   ,   ,   ,   ,   ,   ,   ,   ,   ,   ,   ,   ,   ,   ,   ,   ,   ,4.5,   ,   ,   ,4.5,   
   ,   ,   ,   ,   ,4.0,   ,   ,   ,   ,   ,   ,   ,   ,   ,   ,   ,   ,   ,   ,   ,   ,   ,   ,3.0,   ,   ,   ,   ,   
   ,   ,   ,   ,   ,5.0,   ,   ,   ,   ,   ,   ,   ,   ,   ,   ,   ,   ,   ,   ,   ,   ,   ,   ,   ,   ,   ,   ,   ,   
   ,   ,   ,   ,   ,5.0,   ,   ,   ,   ,   ,   ,   ,   ,   ,   ,   ,   ,   ,   ,1.0,   ,   ,   ,   ,   ,   ,   ,   ,   
   ,   ,   ,   ,3.0,4.0,3.0,   ,3.0,   ,   ,   ,   ,2.0,   ,   ,4.0,3.0,   ,   ,   ,   ,   ,   ,5.0,   ,   ,   ,   ,   
   ,   ,   ,   ,   ,4.5,   ,   ,   ,2.5,   ,4.0,   ,   ,   ,4.0,   ,   ,   ,   ,   ,   ,3.5,   ,4.0,   ,   ,   ,   ,   
   ,   ,   ,   ,   ,3.0,   ,   ,   ,   ,   ,   ,   ,   ,   ,3.0,   ,4.0,   ,   ,3.0,   ,   ,   ,4.0,   ,   ,   ,   ,   
   ,   ,   ,   ,   ,   ,   ,   ,   ,2.5,   ,   ,   ,   ,   ,   ,   ,   ,   ,   ,   ,   ,   ,   ,4.5,   ,   ,   ,   ,   
   ,   ,   ,   ,   ,   ,   ,   ,   ,3.0,   ,   ,   ,   ,   ,   ,   ,   ,   ,   ,3.0,   ,   ,   ,   ,   ,   ,   ,   ,   
   ,   ,   ,   ,   ,   ,   ,   ,   ,3.0,   ,   ,   ,   ,   ,   ,   ,   ,   ,   ,3.0,   ,   ,   ,   ,   ,   ,   ,   ,   
   ,   ,   ,   ,   ,   ,   ,   ,   ,4.0,   ,   ,   ,   ,   ,   ,   ,   ,   ,   ,3.0,   ,   ,   ,   ,   ,   ,   ,   ,   
   ,   ,   ,   ,   ,   ,   ,   ,   ,5.0,   ,   ,   ,   ,   ,   ,   ,   ,   ,   ,2.0,   ,   ,   ,   ,   ,   ,   ,   ,   
3.0,   ,   ,   ,   ,   ,   ,   ,   ,3.5,   ,   ,   ,   ,   ,   ,   ,   ,1.0,   ,3.5,   ,   ,   ,   ,   ,   ,   ,   ,   
   ,4.0,   ,   ,   ,   ,   ,   ,   ,5.0,   ,   ,   ,   ,   ,   ,   ,   ,3.0,   ,5.0,   ,   ,   ,   ,   ,   ,   ,   ,   
   ,   ,   ,   ,   ,   ,   ,   ,   ,   ,   ,   ,   ,   ,   ,   ,   ,   ,   ,   ,5.0,   ,   ,   ,   ,   ,   ,   ,   ,   
   ,   ,   ,   ,   ,   ,   ,   ,   ,4.0,   ,   ,   ,   ,   ,   ,   ,   ,   ,   ,   ,   ,   ,   ,   ,   ,   ,   ,   ,   
   ,4.5,   ,2.0,   ,   ,3.5,2.0,   ,   ,   ,   ,   ,   ,3.0,   ,   ,1.0,   ,2.0,   ,   ,   ,   ,   ,   ,   ,   ,   ,   
5.0,4.0,2.0,3.0,   ,   ,5.0,4.0,   ,   ,   ,   ,   ,   ,   ,   ,   ,   ,   ,   ,   ,   ,   ,   ,2.0,   ,   ,   ,   ,   
   ,5.0,   ,   ,   ,   ,   ,   ,   ,   ,   ,   ,   ,   ,   ,   ,   ,   ,   ,   ,   ,   ,   ,   ,   ,   ,   ,   ,   ,   
   ,3.5,   ,   ,   ,   ,   ,   ,   ,   ,   ,   ,   ,   ,   ,   ,   ,   ,   ,   ,   ,   ,   ,   ,   ,   ,   ,   ,   ,   
   ,5.0,4.0,3.0,4.0,   ,5.0,5.0,3.0,   ,5.0,   ,3.0,   ,   ,   ,3.0,   ,   ,   ,3.0,   ,   ,   ,1.0,   ,   ,   ,   ,   
   ,3.5,   ,   ,   ,   ,4.0,   ,   ,   ,3.5,   ,   ,   ,   ,   ,   ,   ,   ,   ,3.5,   ,   ,   ,   ,   ,   ,   ,   ,   
2.0,2.5,   ,   ,   ,   ,0.5,   ,   ,   ,   ,   ,   ,   ,   ,   ,   ,   ,   ,   ,   ,   ,   ,   ,   ,   ,   ,   ,   ,   
   ,4.0,   ,   ,   ,   ,   ,   ,   ,   ,   ,   ,   ,   ,   ,   ,   ,   ,3.0,   ,   ,   ,   ,   ,   ,   ,   ,   ,   ,   
3.0,   ,   ,   ,   ,3.5,   ,   ,   ,   ,3.5,   ,   ,   ,   ,4.0,   ,   ,2.0,1.5,   ,   ,   ,3.5,   ,   ,   ,   ,   ,   
   ,   ,   ,   ,   ,5.0,   ,   ,3.0,   ,4.0,   ,   ,   ,   ,5.0,   ,   ,4.0,   ,   ,   ,   ,4.0,   ,   ,   ,   ,   ,   
5.0,   ,   ,   ,   ,   ,   ,   ,   ,   ,3.5,   ,   ,   ,   ,5.0,   ,   ,   ,   ,   ,   ,   ,   ,   ,   ,   ,   ,   ,   
4.0,   ,   ,   ,   ,   ,   ,   ,   ,   ,   ,   ,   ,   ,   ,4.0,   ,   ,   ,   ,   ,   ,   ,   ,   ,   ,   ,   ,   ,   
4.0,   ,   ,   ,   ,   ,   ,   ,   ,   ,   ,   ,   ,   ,   ,3.5,   ,   ,   ,   ,   ,   ,   ,   ,   ,   ,   ,   ,   ,   
4.0,   ,   ,   ,   ,5.0,   ,   ,   ,   ,   ,   ,   ,   ,   ,   ,   ,   ,   ,   ,   ,   ,   ,   ,   ,   ,   ,   ,   ,   
4.0,   ,   ,   ,   ,   ,   ,   ,   ,   ,4.0,   ,   ,   ,   ,   ,   ,   ,   ,   ,   ,   ,   ,   ,   ,   ,   ,   ,   ,   
2.0,3.0,   ,   ,   ,5.0,   ,   ,   ,   ,   ,   ,   ,   ,   ,3.0,   ,   ,   ,   ,4.0,   ,   ,3.0,   ,5.0,   ,   ,3.0,   
   ,   ,3.0,   ,   ,   ,   ,   ,   ,   ,   ,   ,   ,   ,   ,   ,   ,   ,   ,   ,   ,   ,   ,   ,   ,   ,   ,   ,   ,   
3.0,   ,3.0,   ,   ,   ,   ,   ,   ,   ,   ,   ,   ,   ,   ,   ,   ,   ,   ,   ,   ,   ,   ,   ,   ,   ,   ,   ,   ,   
   ,5.0,5.0,   ,   ,   ,   ,   ,   ,   ,   ,   ,   ,   ,   ,   ,   ,   ,4.0,   ,   ,   ,   ,   ,   ,   ,   ,   ,   ,   
5.0,   ,5.0,   ,   ,3.0,   ,   ,   ,   ,   ,   ,   ,   ,   ,   ,   ,3.0,   ,   ,   ,   ,   ,   ,   ,   ,   ,   ,   ,   
4.0,   ,5.0,   ,3.0,3.0,   ,   ,   ,   ,   ,   ,   ,   ,   ,   ,2.0,   ,   ,   ,   ,   ,   ,   ,3.0,   ,   ,   ,   ,   
4.0,   ,4.0,   ,   ,3.0,3.0,   ,   ,   ,   ,   ,   ,   ,   ,   ,   ,   ,   ,   ,   ,   ,   ,   ,4.0,   ,   ,   ,   ,   
5.0,   ,5.0,   ,5.0,   ,3.0,   ,3.0,   ,   ,3.0,   ,3.0,   ,   ,4.0,   ,   ,   ,   ,   ,   ,   ,5.0,5.0,   ,   ,   ,   
2.5,3.0,2.5,   ,   ,   ,   ,   ,   ,2.5,   ,   ,   ,   ,   ,   ,   ,   ,1.0,   ,2.5,3.5,   ,   ,   ,   ,   ,   ,   ,   
   ,   ,   ,   ,   ,3.0,   ,   ,   ,   ,   ,   ,   ,   ,   ,   ,   ,   ,   ,   ,4.0,   ,   ,   ,   ,   ,   ,   ,   ,   
3.5,   ,   ,   ,   ,4.0,   ,   ,   ,1.5,   ,   ,   ,   ,   ,   ,   ,   ,   ,   ,3.5,   ,   ,   ,0.5,   ,   ,   ,   ,   
   ,   ,   ,   ,   ,   ,   ,   ,   ,   ,   ,   ,   ,   ,   ,   ,   ,   ,   ,   ,4.0,2.0,   ,   ,   ,   ,   ,   ,   ,   
5.0,3.0,   ,   ,   ,3.0,   ,   ,   ,2.0,4.0,   ,   ,   ,   ,   ,   ,   ,1.0,   ,5.0,   ,   ,   ,   ,   ,   ,   ,   ,   
   ,   ,   ,   ,   ,   ,   ,   ,   ,   ,   ,   ,   ,   ,   ,4.5,   ,   ,   ,   ,3.0,   ,   ,   ,   ,   ,   ,   ,   ,   
4.0,   ,   ,   ,   ,   ,   ,   ,   ,   ,3.5,   ,   ,   ,   ,   ,4.0,   ,   ,   ,5.0,   ,   ,   ,3.5,   ,   ,   ,   ,   
5.0,   ,   ,3.0,   ,   ,   ,   ,   ,   ,   ,   ,   ,   ,   ,   ,   ,   ,   ,2.0,4.0,   ,   ,   ,   ,   ,   ,   ,   ,   
   ,5.0,   ,3.0,5.0,4.0,   ,5.0,4.0,3.0,   ,   ,   ,   ,   ,5.0,   ,   ,   ,5.0,5.0,   ,   ,5.0,4.0,   ,   ,   ,   ,   
   ,   ,   ,   ,   ,   ,   ,   ,   ,   ,   ,   ,   ,   ,   ,   ,   ,   ,   ,   ,   ,   ,   ,2.5,   ,   ,   ,   ,   ,   
   ,   ,   ,   ,   ,   ,   ,   ,   ,   ,   ,   ,   ,   ,   ,   ,   ,   ,   ,   ,   ,   ,   ,4.0,   ,   ,   ,   ,   ,   
   ,4.0,   ,   ,   ,   ,   ,   ,   ,4.0,   ,   ,   ,   ,   ,   ,   ,   ,   ,   ,   ,3.0,   ,4.0,   ,   ,   ,   ,   ,   
5.0,4.0,   ,   ,   ,   ,   ,   ,   ,   ,   ,   ,   ,   ,   ,   ,   ,   ,   ,   ,   ,   ,   ,4.0,   ,   ,   ,   ,5.0,   
   ,   ,   ,   ,   ,   ,   ,   ,   ,   ,   ,   ,   ,   ,   ,4.5,   ,   ,   ,   ,   ,   ,   ,   ,   ,   ,   ,   ,   ,   
5.0,5.0,   ,   ,   ,   ,   ,   ,   ,4.0,   ,   ,   ,   ,   ,   ,   ,   ,   ,   ,   ,   ,   ,   ,   ,   ,   ,   ,   ,   
4.0,3.5,   ,   ,   ,   ,   ,   ,   ,   ,   ,   ,   ,   ,   ,   ,   ,   ,   ,   ,   ,   ,   ,   ,   ,   ,   ,   ,   ,   
3.0,   ,   ,   ,3.0,5.0,2.0,   ,3.0,   ,   ,   ,   ,   ,   ,   ,   ,   ,   ,   ,   ,   ,   ,   ,   ,   ,   ,   ,   ,   
   ,   ,   ,   ,   ,   ,   ,   ,   ,   ,5.0,   ,   ,   ,   ,   ,5.0,   ,   ,   ,4.0,   ,   ,   ,   ,   ,   ,   ,   ,   
   ,4.0,   ,   ,   ,   ,   ,   ,   ,4.0,4.0,   ,   ,   ,   ,   ,5.0,   ,   ,   ,3.0,   ,   ,   ,3.0,   ,   ,   ,   ,   
   ,   ,   ,   ,   ,   ,   ,   ,   ,   ,2.5,   ,   ,   ,   ,   ,   ,   ,   ,   ,   ,   ,   ,   ,   ,   ,   ,   ,   ,   
   ,   ,   ,   ,   ,   ,   ,   ,   ,   ,   ,   ,   ,   ,   ,   ,4.0,   ,   ,   ,   ,   ,   ,   ,   ,   ,   ,   ,   ,   
4.0,   ,   ,   ,   ,4.0,   ,   ,   ,3.0,4.0,   ,   ,   ,   ,   ,5.0,   ,   ,   ,   ,   ,   ,   ,   ,   ,   ,   ,   ,   
   ,   ,   ,   ,   ,   ,   ,   ,   ,   ,5.0,   ,   ,   ,   ,   ,   ,   ,1.0,   ,   ,   ,   ,   ,   ,   ,   ,   ,   ,   
4.0,3.0,   ,   ,   ,   ,   ,   ,   ,   ,3.5,   ,   ,   ,   ,   ,   ,   ,   ,   ,   ,   ,   ,   ,   ,   ,   ,   ,   ,   
   ,   ,   ,   ,   ,   ,   ,   ,   ,5.0,   ,   ,   ,   ,   ,3.0,4.0,   ,   ,   ,   ,   ,   ,   ,   ,   ,   ,   ,   ,   
3.0,   ,   ,   ,   ,5.0,   ,   ,   ,   ,   ,3.0,   ,   ,   ,4.0,4.0,4.0,   ,   ,   ,   ,   ,   ,   ,   ,   ,5.0,   ,   
3.0,   ,   ,   ,   ,   ,   ,   ,   ,3.0,   ,   ,   ,   ,   ,   ,3.0,   ,   ,   ,   ,   ,   ,   ,   ,   ,   ,3.0,   ,   
3.0,   ,   ,   ,   ,   ,   ,   ,   ,   ,1.0,   ,   ,4.0,   ,   ,5.0,5.0,1.0,   ,1.0,   ,   ,   ,3.0,4.0,   ,4.0,4.0,5.0
5.0,5.0,   ,   ,   ,5.0,   ,   ,   ,4.0,   ,   ,   ,   ,   ,   ,   ,4.0,   ,   ,   ,4.0,3.0,   ,   ,   ,   ,   ,   ,   
4.0,   ,   ,   ,   ,3.5,   ,   ,   ,3.0,   ,   ,   ,   ,   ,   ,   ,   ,   ,   ,   ,   ,   ,   ,   ,   ,   ,   ,   ,   
4.0,3.0,   ,   ,   ,   ,   ,   ,   ,   ,   ,   ,   ,   ,   ,4.0,   ,   ,   ,   ,   ,   ,   ,   ,   ,   ,   ,   ,   ,   
   ,   ,2.0,   ,4.0,3.0,3.0,   ,   ,   ,   ,   ,   ,   ,   ,   ,4.0,   ,   ,   ,   ,   ,   ,   ,   ,   ,   ,   ,   ,   
   ,   ,   ,   ,   ,   ,   ,   ,   ,   ,   ,   ,   ,   ,   ,3.5,   ,   ,   ,   ,   ,   ,   ,   ,   ,   ,   ,   ,   ,   
3.5,2.5,   ,   ,   ,   ,   ,   ,   ,   ,   ,   ,   ,   ,   ,   ,   ,   ,   ,   ,   ,   ,   ,   ,   ,   ,   ,   ,   ,   
3.0,3.5,   ,   ,   ,   ,   ,   ,   ,   ,   ,   ,   ,   ,   ,   ,   ,   ,   ,   ,   ,   ,   ,   ,   ,   ,   ,   ,   ,   
5.0,3.0,   ,   ,   ,   ,   ,   ,   ,3.0,   ,   ,   ,   ,   ,   ,   ,   ,   ,   ,   ,   ,   ,   ,   ,   ,   ,   ,   ,   
2.0,3.0,   ,   ,   ,   ,   ,   ,   ,   ,   ,   ,   ,   ,   ,   ,   ,   ,2.0,   ,   ,   ,   ,   ,   ,   ,   ,   ,   ,   
3.5,   ,   ,   ,   ,   ,   ,   ,   ,   ,   ,   ,   ,   ,   ,   ,   ,   ,   ,   ,   ,   ,   ,   ,   ,   ,   ,   ,   ,   
1.0,   ,   ,   ,   ,   ,   ,   ,   ,   ,   ,   ,   ,   ,   ,   ,   ,   ,   ,   ,   ,   ,   ,   ,   ,   ,   ,   ,   ,   
4.0,   ,   ,   ,   ,   ,   ,   ,   ,   ,   ,   ,   ,   ,   ,   ,   ,   ,   ,   ,   ,   ,   ,   ,   ,   ,   ,   ,   ,   
2.0,   ,   ,   ,   ,   ,   ,   ,   ,   ,   ,   ,   ,   ,   ,   ,   ,   ,   ,   ,   ,   ,   ,   ,   ,   ,   ,   ,   ,   
   ,3.5,   ,   ,   ,   ,   ,   ,   ,5.0,   ,   ,   ,   ,   ,5.0,   ,   ,   ,   ,   ,   ,   ,   ,   ,   ,   ,   ,   ,   
   ,   ,   ,   ,   ,   ,   ,   ,   ,4.0,   ,   ,   ,   ,   ,   ,   ,   ,   ,   ,   ,   ,   ,   ,   ,   ,   ,   ,   ,   
   ,   ,   ,   ,   ,   ,   ,   ,   ,   ,   ,   ,   ,   ,   ,4.0,   ,   ,   ,   ,   ,   ,   ,   ,   ,   ,   ,   ,   ,   
   ,   ,   ,   ,   ,   ,   ,   ,   ,4.0,   ,   ,   ,   ,   ,   ,   ,   ,   ,   ,   ,   ,   ,   ,   ,   ,   ,   ,   ,   
   ,   ,   ,   ,   ,   ,   ,   ,   ,   ,   ,   ,   ,   ,   ,5.0,   ,   ,   ,   ,   ,   ,   ,   ,   ,   ,   ,   ,   ,   
   ,   ,   ,   ,   ,   ,   ,   ,   ,2.0,   ,   ,   ,   ,   ,   ,   ,   ,   ,   ,   ,   ,   ,   ,   ,   ,   ,   ,   ,   
3.5,2.5,   ,   ,   ,   ,   ,   ,   ,3.5,   ,2.0,   ,   ,   ,   ,   ,   ,   ,   ,   ,   ,   ,   ,   ,   ,   ,   ,   ,   
   ,5.0,2.0,   ,3.0,   ,   ,   ,   ,5.0,   ,   ,   ,   ,   ,   ,   ,   ,3.0,   ,4.0,   ,3.0,   ,   ,   ,   ,   ,   ,   
3.0,   ,   ,   ,   ,   ,3.0,   ,   ,   ,   ,   ,   ,   ,   ,   ,   ,   ,   ,   ,   ,   ,   ,   ,4.0,   ,   ,   ,   ,   
5.0,   ,   ,   ,   ,   ,   ,   ,   ,   ,   ,   ,   ,   ,   ,   ,   ,   ,   ,   ,   ,   ,   ,   ,   ,   ,   ,   ,   ,   
2.5,   ,   ,   ,   ,   ,   ,   ,   ,   ,   ,   ,   ,   ,   ,   ,   ,   ,   ,   ,   ,   ,   ,   ,   ,   ,   ,   ,   ,   
5.0,   ,   ,   ,   ,   ,   ,   ,   ,   ,   ,   ,   ,   ,   ,   ,   ,   ,   ,   ,   ,   ,   ,   ,   ,   ,   ,   ,   ,   
5.0,   ,   ,   ,   ,   ,   ,   ,   ,   ,   ,   ,   ,   ,   ,   ,   ,   ,   ,   ,   ,   ,   ,   ,   ,   ,   ,   ,   ,   
5.0,   ,   ,   ,   ,   ,   ,   ,   ,   ,   ,   ,   ,   ,   ,   ,   ,   ,   ,   ,   ,   ,   ,   ,   ,   ,   ,   ,   ,   
4.0,   ,   ,   ,   ,   ,   ,   ,   ,   ,   ,   ,   ,   ,   ,   ,   ,   ,   ,   ,   ,   ,   ,   ,   ,   ,   ,   ,   ,   
3.0,   ,   ,   ,   ,   ,   ,   ,   ,   ,   ,   ,   ,   ,   ,   ,   ,   ,   ,   ,   ,   ,   ,   ,   ,   ,   ,   ,   ,   
5.0,   ,   ,   ,   ,   ,   ,   ,   ,   ,   ,3.5,   ,   ,   ,   ,   ,   ,4.0,   ,   ,   ,3.5,   ,   ,   ,   ,   ,   ,   
4.5,3.0,   ,   ,   ,   ,   ,   ,   ,   ,   ,   ,   ,   ,   ,   ,   ,   ,4.0,   ,   ,   ,   ,   ,   ,   ,   ,   ,   ,   
3.0,   ,   ,   ,   ,   ,   ,   ,   ,   ,   ,   ,   ,   ,   ,   ,   ,   ,0.5,   ,   ,   ,   ,   ,   ,   ,   ,   ,   ,   
4.0,   ,   ,   ,   ,   ,   ,   ,   ,   ,   ,   ,   ,   ,   ,   ,   ,   ,   ,   ,   ,   ,   ,   ,   ,   ,   ,   ,   ,   
4.0,   ,   ,   ,   ,   ,   ,   ,   ,   ,   ,   ,   ,   ,   ,   ,   ,   ,   ,   ,   ,   ,   ,   ,   ,   ,   ,   ,   ,   
4.0,   ,   ,   ,   ,   ,   ,   ,   ,   ,   ,   ,   ,   ,   ,   ,   ,   ,   ,   ,   ,   ,   ,   ,   ,   ,   ,   ,   ,   
   ,   ,   ,   ,   ,   ,   ,   ,   ,   ,   ,   ,   ,   ,   ,   ,   ,   ,3.0,   ,   ,   ,   ,   ,   ,   ,   ,   ,   ,   
3.5,   ,   ,   ,   ,   ,   ,   ,   ,4.0,   ,   ,   ,   ,   ,   ,   ,   ,   ,   ,   ,   ,   ,   ,   ,   ,   ,   ,   ,   
   ,   ,   ,   ,   ,   ,   ,   ,   ,   ,   ,   ,   ,4.0,   ,   ,   ,   ,   ,   ,   ,   ,   ,   ,4.0,   ,   ,4.0,   ,   
   ,   ,4.0,   ,4.0,4.0,4.0,   ,5.0,4.0,5.0,   ,   ,   ,   ,4.0,   ,   ,4.0,   ,   ,   ,5.0,   ,   ,   ,   ,   ,   ,   
   ,   ,   ,   ,   ,   ,   ,   ,   ,3.0,   ,   ,   ,   ,   ,   ,   ,4.0,   ,3.0,3.0,   ,   ,   ,   ,   ,3.0,   ,   ,   
   ,4.0,   ,   ,   ,   ,   ,   ,   ,   ,   ,   ,   ,   ,   ,   ,   ,   ,3.0,   ,   ,   ,   ,   ,   ,   ,   ,   ,   ,   
