movie: 30, user: 148, vote: 526
rate: 0.5, count: 3, percentage: 0.57%
rate: 1.0, count: 16, percentage: 3.04%
rate: 1.5, count: 3, percentage: 0.57%
rate: 2.0, count: 38, percentage: 7.22%
rate: 2.5, count: 24, percentage: 4.56%
rate: 3.0, count: 129, percentage: 24.52%
rate: 3.5, count: 47, percentage: 8.94%
rate: 4.0, count: 152, percentage: 28.90%
rate: 4.5, count: 16, percentage: 3.04%
rate: 5.0, count: 98, percentage: 18.63%
2.5,   ,   ,   ,   ,   ,   ,   ,   ,3.0,   ,   ,   ,   ,   ,3.0,   ,   ,2.0,   ,   ,   ,   ,   ,   ,   ,2.0,   ,2.0,   
   ,   ,   ,   ,   ,   ,   ,   ,   ,4.0,   ,   ,   ,   ,   ,   ,5.0,   ,   ,   ,   ,   ,   ,   ,   ,   ,   ,   ,   ,   
   ,   ,   ,   ,   ,3.0,   ,   ,   ,   ,4.0,   ,   ,   ,   ,   ,   ,   ,   ,   ,   ,   ,   ,3.5,   ,3.0,   ,   ,4.5,   
   ,   ,   ,   ,   ,   ,   ,   ,   ,4.0,   ,   ,   ,   ,   ,   ,   ,   ,   ,   ,   ,   ,   ,   ,   ,   ,   ,   ,   ,   
   ,   ,4.0,   ,   ,   ,   ,   ,4.0,   ,   ,   ,   ,4.0,   ,   ,   ,   ,   ,   ,   ,   ,   ,   ,   ,   ,   ,   ,   ,   
   ,   ,   ,   ,   ,   ,   ,   ,   ,   ,4.0,   ,   ,   ,2.0,   ,2.0,   ,   ,   ,   ,   ,   ,   ,   ,   ,   ,   ,5.0,   
3.0,   ,   ,   ,   ,   ,   ,   ,   ,3.0,   ,   ,   ,   ,   ,   ,   ,   ,   ,   ,3.0,   ,   ,   ,   ,   ,   ,   ,   ,   
   ,5.0,   ,   ,2.5,   ,5.0,   ,   ,   ,4.0,   ,   ,   ,   ,   ,   ,   ,   ,   ,   ,   ,   ,   ,   ,   ,   ,   ,   ,   
4.0,   ,   ,   ,   ,   ,   ,   ,   ,   ,   ,   ,   ,   ,   ,   ,4.0,   ,   ,   ,   ,   ,   ,   ,   ,3.0,   ,   ,   ,   
   ,   ,   ,   ,5.0,   ,   ,   ,   ,   ,   ,4.0,   ,   ,   ,   ,   ,4.0,   ,   ,   ,   ,   ,   ,   ,   ,   ,   ,   ,   
   ,   ,   ,   ,   ,   ,1.0,   ,   ,   ,   ,4.0,   ,   ,   ,3.0,   ,   ,   ,   ,   ,   ,   ,   ,   ,   ,   ,   ,5.0,   
5.0,   ,   ,   ,   ,   ,   ,   ,   ,   ,   ,   ,   ,   ,   ,   ,   ,   ,   ,   ,   ,   ,   ,   ,   ,   ,   ,   ,   ,   
2.0,2.0,   ,   ,4.5,4.0,   ,   ,   ,3.0,2.5,   ,   ,2.5,   ,3.5,3.0,   ,1.0,   ,4.5,2.5,   ,   ,3.0,   ,   ,   ,   ,   
   ,   ,   ,   ,   ,4.5,   ,   ,   ,   ,   ,   ,   ,   ,   ,   ,   ,   ,   ,   ,   ,   ,   ,   ,4.5,   ,   ,   ,4.5,   
   ,   ,   ,   ,3.0,4.0,3.0,   ,3.0,   ,   ,   ,   ,2.0,   ,   ,4.0,3.0,   ,   ,   ,   ,   ,   ,5.0,   ,   ,   ,   ,   
3.0,3.0,3.0,3.0,   ,3.0,3.0,   ,3.0,3.0,3.0,   ,   ,5.0,   ,5.0,   ,   ,   ,   ,3.0,3.0,1.0,   ,3.0,   ,   ,   ,3.0,   
3.5,   ,2.5,3.5,   ,   ,   ,   ,   ,   ,   ,   ,   ,   ,   ,   ,3.5,   ,   ,   ,   ,   ,   ,   ,   ,   ,   ,   ,   ,   
   ,   ,   ,   ,   ,   ,   ,   ,   ,3.0,   ,   ,   ,   ,   ,   ,   ,   ,   ,   ,3.0,   ,   ,   ,   ,   ,   ,   ,   ,   
   ,4.5,   ,2.0,   ,   ,3.5,2.0,   ,   ,   ,   ,   ,   ,3.0,   ,   ,1.0,   ,2.0,   ,   ,   ,   ,   ,   ,   ,   ,   ,   
3.0,   ,   ,   ,   ,3.5,   ,   ,   ,   ,3.5,   ,   ,   ,   ,4.0,   ,   ,2.0,1.5,   ,   ,   ,3.5,   ,   ,   ,   ,   ,   
   ,   ,   ,   ,   ,5.0,   ,   ,   ,   ,   ,   ,   ,   ,   ,   ,   ,   ,   ,   ,   ,   ,   ,   ,   ,   ,   ,   ,   ,   
   ,   ,3.0,   ,   ,   ,   ,   ,   ,   ,   ,   ,   ,   ,   ,   ,   ,   ,   ,   ,   ,   ,   ,   ,   ,   ,   ,   ,   ,   
5.0,   ,   ,   ,   ,   ,   ,   ,   ,   ,   ,   ,   ,   ,   ,   ,   ,   ,   ,   ,   ,   ,   ,   ,   ,   ,   ,   ,   ,   
   ,   ,   ,   ,   ,   ,   ,   ,   ,   ,   ,   ,   ,   ,   ,   ,   ,   ,   ,   ,5.0,   ,   ,   ,   ,   ,   ,   ,   ,   
   ,   ,   ,   ,   ,   ,   ,   ,   ,   ,   ,   ,   ,   ,   ,   ,   ,   ,   ,   ,   ,   ,   ,   ,   ,   ,   ,   ,   ,   
4.0,2.0,   ,   ,   ,4.0,   ,4.0,   ,   ,4.0,   ,   ,4.0,   ,5.0,   ,2.0,   ,   ,5.0,   ,4.0,   ,4.0,   ,   ,   ,   ,   
   ,4.0,   ,   ,   ,   ,   ,   ,   ,   ,   ,   ,   ,   ,   ,   ,   ,   ,3.0,   ,   ,   ,   ,   ,   ,   ,   ,   ,   ,   
   ,   ,   ,   ,   ,3.0,   ,   ,   ,   ,   ,   ,   ,   ,   ,   ,   ,   ,   ,   ,4.0,   ,   ,   ,   ,   ,   ,   ,   ,   
   ,   ,   ,   ,   ,   ,   ,   ,   ,   ,   ,   ,   ,   ,   ,   ,   ,   ,   ,   ,   ,   ,   ,2.5,   ,   ,   ,   ,   ,   
   ,   ,   ,   ,   ,3.0,   ,   ,   ,   ,   ,   ,   ,   ,   ,3.0,   ,4.0,   ,   ,3.0,   ,   ,   ,4.0,   ,   ,   ,   ,   
4.0,   ,   ,   ,   ,   ,   ,   ,   ,   ,   ,   ,   ,   ,   ,   ,   ,   ,   ,   ,   ,   ,   ,   ,   ,   ,   ,   ,   ,   
   ,   ,   ,   ,   ,   ,   ,   ,   ,   ,   ,   ,   ,   ,   ,4.5,   ,   ,   ,   ,   ,   ,   ,   ,   ,   ,   ,   ,   ,   
   ,   ,   ,   ,   ,4.0,   ,   ,   ,5.0,   ,   ,   ,   ,   ,5.0,   ,   ,   ,   ,3.0,4.0,   ,   ,   ,   ,   ,   ,   ,   
   ,3.5,   ,   ,   ,   ,   ,   ,   ,   ,   ,   ,   ,   ,   ,   ,   ,   ,   ,   ,   ,   ,   ,   ,   ,   ,   ,   ,4.0,   
4.0,   ,   ,   ,   ,   ,   ,   ,   ,   ,   ,   ,   ,   ,   ,   ,   ,   ,   ,   ,   ,   ,   ,   ,   ,   ,   ,   ,   ,   
4.0,   ,5.0,   ,3.0,3.0,   ,   ,   ,   ,   ,   ,   ,   ,   ,   ,2.0,   ,   ,   ,   ,   ,   ,   ,3.0,   ,   ,   ,   ,   
5.0,5.0,   ,   ,   ,   ,   ,   ,   ,4.0,   ,   ,   ,   ,   ,   ,   ,   ,   ,   ,   ,   ,   ,   ,   ,   ,   ,   ,   ,   
4.0,3.5,   ,   ,   ,   ,   ,   ,   ,   ,   ,   ,   ,   ,   ,   ,   ,   ,   ,   ,   ,   ,   ,   ,   ,   ,   ,   ,   ,   
   ,5.0,   ,   ,   ,   ,   ,   ,   ,   ,   ,   ,   ,   ,   ,   ,   ,   ,   ,   ,   ,   ,   ,   ,   ,   ,   ,   ,   ,   
   ,   ,   ,   ,   ,   ,   ,   ,   ,4.0,   ,   ,   ,   ,   ,   ,   ,   ,   ,   ,3.0,   ,   ,   ,   ,   ,   ,   ,   ,   
3.0,   ,   ,   ,3.0,5.0,2.0,   ,3.0,   ,   ,   ,   ,   ,   ,   ,   ,   ,   ,   ,   ,   ,   ,   ,   ,   ,   ,   ,   ,   
4.0,   ,   ,   ,   ,   ,   ,   ,   ,4.0,   ,   ,   ,   ,   ,4.0,   ,   ,   ,   ,2.0,   ,   ,   ,   ,   ,   ,   ,4.0,   
   ,   ,   ,   ,   ,   ,   ,   ,   ,   ,5.0,   ,   ,   ,   ,   ,5.0,   ,   ,   ,4.0,   ,   ,   ,   ,   ,   ,   ,   ,   
   ,   ,   ,   ,   ,   ,   ,   ,   ,   ,5.0,   ,   ,   ,   ,   ,   ,   ,1.0,   ,   ,   ,   ,   ,   ,   ,   ,   ,   ,   
   ,   ,   ,   ,   ,   ,   ,   ,   ,   ,2.5,   ,   ,   ,   ,   ,   ,   ,   ,   ,   ,   ,   ,   ,   ,   ,   ,   ,   ,   
   ,   ,   ,   ,   ,   ,   ,   ,   ,   ,   ,   ,   ,   ,   ,4.5,   ,   ,   ,   ,3.0,   ,   ,   ,   ,   ,   ,   ,   ,   
   ,3.5,   ,   ,   ,   ,   ,   ,   ,   ,   ,   ,   ,   ,   ,   ,   ,   ,   ,   ,   ,   ,   ,   ,   ,   ,   ,   ,   ,   
5.0,   ,   ,   ,   ,   ,   ,   ,   ,   ,3.5,   ,   ,   ,   ,5.0,   ,   ,   ,   ,   ,   ,   ,   ,   ,   ,   ,   ,   ,   
   ,   ,   ,   ,   ,   ,   ,   ,   ,   ,   ,   ,   ,   ,   ,   ,   ,   ,   ,   ,4.0,2.0,   ,   ,   ,   ,   ,   ,   ,   
3.0,   ,   ,   ,   ,5.0,   ,   ,   ,   ,   ,3.0,   ,   ,   ,4.0,4.0,4.0,   ,   ,   ,   ,   ,   ,   ,   ,   ,5.0,   ,   
4.0,3.0,   ,   ,   ,   ,   ,   ,   ,   ,3.5,   ,   ,   ,   ,   ,   ,   ,   ,   ,   ,   ,   ,   ,   ,   ,   ,   ,   ,   
5.0,3.5,   ,   ,5.0,   ,   ,   ,   ,   ,   ,   ,   ,   ,   ,   ,   ,   ,4.0,   ,   ,   ,   ,   ,   ,   ,   ,   ,   ,   
5.0,   ,5.0,   ,5.0,   ,3.0,   ,3.0,   ,   ,3.0,   ,3.0,   ,   ,4.0,   ,   ,   ,   ,   ,   ,   ,5.0,5.0,   ,   ,   ,   
3.5,2.5,   ,   ,   ,   ,   ,   ,   ,   ,   ,   ,   ,   ,   ,   ,   ,   ,   ,   ,   ,   ,   ,   ,   ,   ,   ,   ,   ,   
5.0,2.5,   ,   ,   ,4.5,   ,   ,   ,3.0,   ,   ,   ,   ,2.5,4.0,   ,   ,1.5,   ,3.5,   ,   ,   ,4.5,   ,   ,   ,   ,   
   ,   ,   ,   ,   ,   ,   ,   ,   ,5.0,   ,   ,   ,   ,   ,3.0,4.0,   ,   ,   ,   ,   ,   ,   ,   ,   ,   ,   ,   ,   
3.0,   ,3.0,   ,   ,   ,   ,   ,   ,   ,   ,   ,   ,   ,   ,   ,   ,   ,   ,   ,   ,   ,   ,   ,   ,   ,   ,   ,   ,   
4.0,   ,   ,   ,   ,3.5,   ,   ,   ,3.0,   ,   ,   ,   ,   ,   ,   ,   ,   ,   ,   ,   ,   ,   ,   ,   ,   ,   ,   ,   
   ,3.5,   ,   ,   ,   ,   ,   ,   ,5.0,   ,   ,   ,   ,   ,5.0,   ,   ,   ,   ,   ,   ,   ,   ,   ,   ,   ,   ,   ,   
2.0,2.5,   ,   ,   ,   ,0.5,   ,   ,   ,   ,   ,   ,   ,   ,   ,   ,   ,   ,   ,   ,   ,   ,   ,   ,   ,   ,   ,   ,   
   ,2.0,   ,   ,   ,4.0,4.0,   ,   ,3.0,   ,   ,   ,   ,   ,5.0,   ,   ,   ,1.0,4.0,   ,   ,   ,4.0,   ,   ,   ,   ,   
   ,   ,   ,   ,   ,   ,   ,   ,   ,3.0,   ,   ,   ,   ,   ,   ,   ,   ,   ,   ,3.0,   ,   ,   ,   ,   ,   ,   ,   ,   
   ,   ,   ,   ,   ,5.0,   ,   ,   ,   ,   ,   ,   ,   ,   ,   ,   ,   ,   ,   ,1.0,   ,   ,   ,   ,   ,   ,   ,   ,   
3.5,   ,   ,   ,   ,   ,   ,   ,   ,   ,   ,   ,   ,   ,   ,   ,   ,   ,   ,   ,   ,   ,   ,   ,   ,   ,   ,   ,   ,   
   ,5.0,2.0,   ,3.0,   ,   ,   ,   ,5.0,   ,   ,   ,   ,   ,   ,   ,   ,3.0,   ,4.0,   ,3.0,   ,   ,   ,   ,   ,   ,   
3.0,   ,   ,   ,   ,   ,   ,   ,   ,   ,1.0,   ,   ,4.0,   ,   ,5.0,5.0,1.0,   ,1.0,   ,   ,   ,3.0,4.0,   ,4.0,4.0,5.0
3.0,   ,   ,   ,   ,   ,3.0,   ,   ,   ,   ,   ,   ,   ,   ,   ,   ,   ,   ,   ,   ,   ,   ,   ,4.0,   ,   ,   ,   ,   
   ,3.5,   ,   ,   ,   ,4.0,   ,   ,   ,3.5,   ,   ,   ,   ,   ,   ,   ,   ,   ,3.5,   ,   ,   ,   ,   ,   ,   ,   ,   
5.0,   ,   ,   ,   ,   ,   ,   ,   ,   ,   ,   ,   ,   ,   ,   ,   ,   ,   ,   ,   ,   ,   ,   ,   ,   ,   ,   ,   ,   
4.0,   ,   ,   ,   ,4.0,   ,   ,   ,   ,   ,   ,   ,   ,   ,   ,   ,   ,   ,   ,   ,   ,   ,   ,2.0,   ,   ,   ,5.0,   
5.0,   ,   ,   ,   ,   ,   ,   ,   ,   ,   ,3.5,   ,   ,   ,   ,   ,   ,4.0,   ,   ,   ,3.5,   ,   ,   ,   ,   ,   ,   
5.0,3.0,   ,   ,   ,3.0,   ,   ,   ,2.0,4.0,   ,   ,   ,   ,   ,   ,   ,1.0,   ,5.0,   ,   ,   ,   ,   ,   ,   ,   ,   
4.0,   ,   ,   ,   ,   ,   ,   ,   ,   ,3.5,   ,   ,   ,   ,   ,4.0,   ,   ,   ,5.0,   ,   ,   ,3.5,   ,   ,   ,   ,   
4.0,   ,   ,   ,   ,   ,   ,   ,   ,   ,   ,   ,   ,   ,   ,3.5,   ,   ,   ,   ,   ,   ,   ,   ,   ,   ,   ,   ,   ,   
   ,   ,   ,   ,   ,5.0,   ,   ,3.0,   ,4.0,   ,   ,   ,   ,5.0,   ,   ,4.0,   ,   ,   ,   ,4.0,   ,   ,   ,   ,   ,   
1.0,   ,   ,   ,   ,   ,   ,   ,   ,   ,   ,   ,   ,   ,   ,   ,   ,   ,   ,   ,   ,   ,   ,   ,   ,   ,   ,   ,   ,   
   ,   ,   ,   ,3.0,   ,   ,   ,   ,   ,   ,   ,   ,   ,   ,   ,   ,   ,   ,   ,   ,   ,   ,   ,   ,   ,   ,   ,   ,   
4.0,2.0,   ,   ,   ,   ,   ,   ,   ,   ,   ,   ,   ,   ,   ,   ,3.0,   ,   ,   ,   ,   ,   ,   ,   ,   ,   ,3.0,   ,   
4.0,   ,4.0,   ,   ,3.0,3.0,   ,   ,   ,   ,   ,   ,   ,   ,   ,   ,   ,   ,   ,   ,   ,   ,   ,4.0,   ,   ,   ,   ,   
   ,   ,   ,   ,   ,   ,   ,   ,   ,   ,   ,   ,   ,4.0,   ,   ,   ,   ,   ,   ,   ,   ,   ,   ,4.0,   ,   ,4.0,   ,   
   ,   ,   ,   ,   ,   ,   ,   ,   ,   ,   ,   ,   ,   ,   ,   ,   ,   ,   ,   ,   ,   ,   ,   ,   ,   ,   ,   ,5.0,   
   ,   ,   ,   ,   ,3.0,   ,   ,   ,3.5,3.5,   ,   ,   ,   ,5.0,   ,   ,2.0,   ,3.5,2.5,   ,   ,4.0,   ,   ,   ,   ,   
4.0,   ,   ,   ,   ,   ,   ,   ,   ,   ,   ,   ,   ,   ,   ,   ,   ,   ,   ,   ,   ,   ,   ,   ,   ,   ,   ,   ,   ,   
   ,   ,   ,   ,   ,   ,   ,   ,   ,4.0,   ,   ,   ,   ,   ,   ,   ,   ,   ,   ,   ,   ,   ,   ,   ,   ,   ,   ,   ,   
   ,   ,   ,   ,   ,   ,   ,   ,   ,   ,   ,   ,   ,   ,   ,3.5,   ,   ,   ,   ,   ,   ,   ,   ,   ,   ,   ,   ,   ,   
   ,   ,4.0,   ,4.0,4.0,4.0,   ,5.0,4.0,5.0,   ,   ,   ,   ,4.0,   ,   ,4.0,   ,   ,   ,5.0,   ,   ,   ,   ,   ,   ,   
   ,   ,   ,   ,3.0,   ,3.5,   ,   ,3.5,4.0,   ,   ,   ,   ,   ,   ,2.5,   ,   ,   ,   ,   ,   ,4.0,   ,   ,   ,   ,   
5.0,   ,5.0,   ,   ,3.0,   ,   ,   ,   ,   ,   ,   ,   ,   ,   ,   ,3.0,   ,   ,   ,   ,   ,   ,   ,   ,   ,   ,   ,   
   ,5.0,   ,3.0,5.0,4.0,   ,5.0,4.0,3.0,   ,   ,   ,   ,   ,5.0,   ,   ,   ,5.0,5.0,   ,   ,5.0,4.0,   ,   ,   ,   ,   
   ,   ,   ,   ,   ,   ,   ,   ,   ,4.0,   ,   ,   ,   ,   ,   ,   ,   ,   ,   ,   ,   ,   ,   ,   ,   ,   ,   ,   ,   
   ,5.0,5.0,   ,   ,   ,   ,   ,   ,   ,   ,   ,   ,   ,   ,   ,   ,   ,4.0,   ,   ,   ,   ,   ,   ,   ,   ,   ,   ,   
   ,   ,   ,   ,   ,   ,   ,   ,   ,   ,   ,   ,   ,   ,   ,4.0,   ,   ,   ,   ,   ,   ,   ,   ,   ,   ,   ,   ,   ,   
2.0,3.0,   ,   ,   ,5.0,   ,   ,   ,   ,   ,   ,   ,   ,   ,3.0,   ,   ,   ,   ,4.0,   ,   ,3.0,   ,5.0,   ,   ,3.0,   
2.5,   ,   ,   ,   ,   ,   ,   ,   ,   ,   ,   ,   ,   ,   ,   ,   ,   ,   ,   ,   ,   ,   ,   ,   ,   ,   ,   ,   ,   
4.0,   ,   ,   ,   ,4.0,   ,   ,   ,3.0,4.0,   ,   ,   ,   ,   ,5.0,   ,   ,   ,   ,   ,   ,   ,   ,   ,   ,   ,   ,   
3.0,   ,   ,   ,   ,   ,   ,   ,   ,3.0,   ,   ,   ,   ,   ,   ,3.0,   ,   ,   ,   ,   ,   ,   ,   ,   ,   ,3.0,   ,   
4.5,3.0,   ,   ,   ,   ,   ,   ,   ,   ,   ,   ,   ,   ,   ,   ,   ,   ,4.0,   ,   ,   ,   ,   ,   ,   ,   ,   ,   ,   
4.0,   ,   ,   ,   ,   ,   ,   ,   ,   ,4.0,   ,   ,   ,   ,   ,   ,   ,   ,   ,   ,   ,   ,   ,   ,   ,   ,   ,   ,   
5.0,3.0,   ,   ,   ,   ,   ,   ,   ,3.0,   ,   ,   ,   ,   ,   ,   ,   ,   ,   ,   ,   ,   ,   ,   ,   ,   ,   ,   ,   
   ,   ,   ,   ,4.0,   ,   ,   ,   ,   ,   ,   ,   ,   ,   ,   ,   ,   ,   ,   ,   ,   ,   ,   ,   ,   ,   ,   ,   ,   
5.0,4.0,2.0,3.0,   ,   ,5.0,4.0,   ,   ,   ,   ,   ,   ,   ,   ,   ,   ,   ,   ,   ,   ,   ,   ,2.0,   ,   ,   ,   ,   
3.0,   ,   ,   ,   ,   ,   ,   ,   ,3.5,   ,   ,   ,   ,   ,   ,   ,   ,1.0,   ,3.5,   ,   ,   ,   ,   ,   ,   ,   ,   
3.5,4.5,   ,   ,1.0,   ,   ,   ,   ,4.0,   ,   ,   ,   ,   ,4.0,   ,   ,2.0,   ,   ,   ,   ,   ,   ,   ,   ,   ,5.0,   
   ,   ,   ,   ,   ,   ,   ,   ,   ,3.0,   ,   ,   ,   ,   ,   ,   ,4.0,   ,3.0,3.0,   ,   ,   ,   ,   ,3.0,   ,   ,   
   ,   ,   ,   ,   ,   ,   ,   ,   ,4.0,   ,   ,   ,   ,   ,   ,   ,   ,   ,   ,   ,   ,   ,   ,   ,   ,   ,   ,   ,   
2.0,   ,   ,   ,   ,   ,   ,   ,   ,   ,   ,   ,   ,   ,   ,   ,   ,   ,   ,   ,   ,   ,   ,   ,   ,   ,   ,   ,   ,   
   ,   ,   ,   ,4.5,   ,   ,   ,   ,   ,   ,   ,   ,   ,   ,   ,   ,   ,   ,   ,   ,   ,   ,   ,   ,   ,   ,   ,   ,   
4.0,   ,   ,   ,   ,   ,   ,   ,   ,   ,   ,   ,   ,   ,   ,   ,   ,   ,   ,   ,   ,   ,   ,   ,   ,   ,   ,   ,   ,   
   ,   ,   ,   ,   ,   ,   ,   ,   ,5.0,   ,   ,   ,   ,   ,   ,   ,   ,   ,   ,2.0,   ,   ,   ,   ,   ,   ,   ,   ,   
   ,   ,   ,   ,   ,   ,   ,   ,   ,   ,   ,   ,   ,   ,   ,   ,   ,   ,   ,   ,   ,   ,   ,   ,   ,   ,   ,   ,3.5,   
3.0,   ,   ,   ,   ,   ,   ,   ,   ,   ,   ,   ,   ,   ,   ,   ,   ,   ,   ,   ,   ,   ,   ,   ,   ,   ,   ,   ,   ,   
3.0,3.0,   ,   ,2.5,   ,   ,   ,   ,4.0,   ,   ,   ,   ,   ,   ,   ,   ,3.0,   ,3.5,   ,2.0,   ,4.0,   ,   ,   ,   ,   
   ,4.0,   ,   ,   ,   ,   ,   ,   ,5.0,   ,   ,   ,   ,   ,   ,   ,   ,3.0,   ,5.0,   ,   ,   ,   ,   ,   ,   ,   ,   
3.5,   ,   ,   ,   ,4.0,   ,   ,   ,1.5,   ,   ,   ,   ,   ,   ,   ,   ,   ,   ,3.5,   ,   ,   ,0.5,   ,   ,   ,   ,   
5.0,   ,   ,   ,   ,   ,   ,   ,   ,   ,   ,   ,   ,   ,   ,   ,   ,   ,   ,   ,   ,   ,   ,   ,   ,   ,   ,   ,   ,   
4.0,   ,4.0,   ,3.0,   ,3.0,   ,   ,   ,   ,   ,   ,   ,   ,   ,   ,5.0,   ,   ,   ,   ,   ,   ,   ,   ,   ,   ,   ,   
3.5,2.5,   ,   ,   ,   ,   ,   ,   ,3.5,   ,2.0,   ,   ,   ,   ,   ,   ,   ,   ,   ,   ,   ,   ,   ,   ,   ,   ,   ,   
   ,   ,   ,   ,   ,   ,   ,   ,   ,2.5,   ,   ,   ,   ,   ,   ,   ,   ,   ,   ,   ,   ,   ,   ,4.5,   ,   ,   ,   ,   
   ,4.0,   ,   ,   ,   ,   ,   ,   ,4.0,4.0,   ,   ,   ,   ,   ,5.0,   ,   ,   ,3.0,   ,   ,   ,3.0,   ,   ,   ,   ,   
   ,   ,2.0,   ,4.0,3.0,3.0,   ,   ,   ,   ,   ,   ,   ,   ,   ,4.0,   ,   ,   ,   ,   ,   ,   ,   ,   ,   ,   ,   ,   
3.0,   ,   ,   ,   ,   ,   ,   ,   ,   ,   ,   ,   ,   ,   ,   ,   ,   ,0.5,   ,   ,   ,   ,   ,   ,   ,   ,   ,   ,   
3.5,   ,   ,   ,   ,   ,   ,   ,   ,4.0,   ,   ,   ,   ,   ,   ,   ,   ,   ,   ,   ,   ,   ,   ,   ,   ,   ,   ,   ,   
2.5,3.0,2.5,   ,   ,   ,   ,   ,   ,2.5,   ,   ,   ,   ,   ,   ,   ,   ,1.0,   ,2.5,3.5,   ,   ,   ,   ,   ,   ,   ,   
5.0,   ,   ,3.0,   ,   ,   ,   ,   ,   ,   ,   ,   ,   ,   ,   ,   ,   ,   ,2.0,4.0,   ,   ,   ,   ,   ,   ,   ,   ,   
4.0,   ,   ,   ,   ,   ,   ,   ,   ,   ,   ,   ,   ,   ,   ,   ,   ,   ,   ,   ,   ,   ,   ,   ,   ,   ,   ,   ,   ,   
   ,   ,   ,   ,   ,   ,   ,   ,   ,   ,   ,   ,   ,   ,   ,   ,   ,   ,   ,   ,   ,   ,   ,   ,   ,   ,   ,   ,2.5,   
   ,   ,   ,   ,   ,   ,   ,   ,   ,   ,   ,   ,   ,   ,   ,5.0,   ,   ,   ,   ,   ,   ,   ,   ,   ,   ,   ,   ,   ,   
   ,   ,   ,   ,   ,   ,   ,   ,   ,   ,   ,   ,   ,   ,   ,   ,4.0,   ,   ,   ,   ,   ,   ,   ,   ,   ,   ,   ,   ,   
4.0,   ,   ,   ,   ,5.0,   ,   ,   ,   ,   ,   ,   ,   ,   ,   ,   ,   ,   ,   ,   ,   ,   ,   ,   ,   ,   ,   ,   ,   
4.0,   ,   ,   ,   ,   ,   ,   ,   ,   ,   ,   ,   ,   ,   ,   ,   ,   ,   ,   ,   ,   ,   ,   ,   ,   ,   ,   ,   ,   
2.0,3.0,   ,   ,   ,   ,   ,   ,   ,   ,   ,   ,   ,   ,   ,   ,   ,   ,2.0,   ,   ,   ,   ,   ,   ,   ,   ,   ,   ,   
5.0,5.0,   ,   ,   ,5.0,   ,   ,   ,4.0,   ,   ,   ,   ,   ,   ,   ,4.0,   ,   ,   ,4.0,3.0,   ,   ,   ,   ,   ,   ,   
4.0,   ,   ,   ,   ,   ,   ,   ,   ,   ,   ,   ,   ,   ,   ,   ,   ,   ,   ,   ,   ,   ,   ,   ,   ,   ,   ,   ,   ,   
5.0,   ,   ,   ,   ,   ,   ,   ,   ,   ,   ,   ,   ,   ,   ,   ,   ,   ,   ,   ,   ,   ,   ,   ,   ,   ,   ,   ,   ,   
   ,   ,   ,   ,   ,   ,   ,   ,   ,   ,   ,   ,   ,   ,   ,   ,   ,   ,   ,   ,   ,   ,   ,4.0,   ,   ,   ,   ,   ,   
   ,5.0,4.0,3.0,4.0,   ,5.0,5.0,3.0,   ,5.0,   ,3.0,   ,   ,   ,3.0,   ,   ,   ,3.0,   ,   ,   ,1.0,   ,   ,   ,   ,   
5.0,   ,   ,   ,   ,   ,   ,   ,   ,   ,   ,   ,   ,   ,   ,   ,   ,   ,   ,   ,   ,   ,   ,   ,   ,   ,   ,   ,   ,   
5.0,4.0,   ,   ,   ,   ,   ,   ,   ,   ,   ,   ,   ,   ,   ,   ,   ,   ,   ,   ,   ,   ,   ,4.0,   ,   ,   ,   ,5.0,   
4.0,3.0,   ,   ,   ,   ,   ,   ,   ,   ,   ,   ,   ,   ,   ,4.0,   ,   ,   ,   ,   ,   ,   ,   ,   ,   ,   ,   ,   ,   
   ,4.0,   ,   ,   ,   ,   ,   ,   ,4.0,   ,   ,   ,   ,   ,   ,   ,   ,   ,   ,   ,3.0,   ,4.0,   ,   ,   ,   ,   ,   
   ,   ,   ,   ,   ,   ,   ,   ,   ,2.0,   ,   ,   ,   ,   ,   ,   ,   ,   ,   ,   ,   ,   ,   ,   ,   ,   ,   ,   ,   
   ,4.0,   ,   ,   ,   ,   ,   ,   ,   ,   ,   ,   ,   ,   ,   ,   ,   ,3.0,   ,   ,   ,   ,   ,   ,   ,   ,   ,   ,   
4.0,   ,   ,   ,   ,   ,   ,   ,   ,   ,   ,   ,   ,   ,   ,4.0,   ,   ,   ,   ,   ,   ,   ,   ,   ,   ,   ,   ,   ,   
   ,   ,   ,   ,   ,   ,   ,   ,   ,   ,   ,   ,   ,   ,   ,   ,   ,   ,3.0,   ,   ,   ,   ,   ,   ,   ,   ,   ,   ,   
   ,   ,   ,   ,   ,4.0,   ,   ,   ,   ,   ,   ,   ,   ,   ,   ,   ,   ,   ,   ,   ,   ,   ,   ,3.0,   ,   ,   ,   ,   
   ,   ,   ,   ,4.0,   ,   ,   ,   ,   ,   ,   ,   ,   ,   ,   ,   ,   ,   ,   ,   ,   ,   ,   ,   ,   ,   ,   ,   ,   
   ,   ,   ,   ,   ,4.5,   ,   ,   ,2.5,   ,4.0,   ,   ,   ,4.0,   ,   ,   ,   ,   ,   ,3.5,   ,4.0,   ,   ,   ,   ,   
3.0,3.5,   ,   ,   ,   ,   ,   ,   ,   ,   ,   ,   ,   ,   ,   ,   ,   ,   ,   ,   ,   ,   ,   ,   ,   ,   ,   ,   ,   
13 users in a cluster.



2.5,   ,   ,   ,   ,   ,   ,   ,   ,3.0,   ,   ,   ,   ,   ,3.0,   ,   ,2.0,   ,   ,   ,   ,   ,   ,   ,2.0,   ,2.0,   
   ,   ,   ,   ,   ,   ,   ,   ,   ,   ,   ,   ,   ,   ,   ,   ,   ,   ,   ,   ,   ,   ,   ,   ,   ,   ,   ,   ,   ,   
4.0,   ,   ,   ,   ,   ,   ,   ,   ,4.0,   ,   ,   ,   ,   ,4.0,   ,   ,   ,   ,2.0,   ,   ,   ,   ,   ,   ,   ,4.0,   
3.5,4.5,   ,   ,1.0,   ,   ,   ,   ,4.0,   ,   ,   ,   ,   ,4.0,   ,   ,2.0,   ,   ,   ,   ,   ,   ,   ,   ,   ,5.0,   
3.5,   ,   ,   ,   ,   ,   ,   ,   ,4.0,   ,   ,   ,   ,   ,   ,   ,   ,   ,   ,   ,   ,   ,   ,   ,   ,   ,   ,   ,   
4.0,   ,   ,   ,   ,   ,   ,   ,   ,   ,   ,   ,   ,   ,   ,4.0,   ,   ,   ,   ,   ,   ,   ,   ,   ,   ,   ,   ,   ,   
4.0,   ,   ,   ,   ,   ,   ,   ,   ,   ,   ,   ,   ,   ,   ,3.5,   ,   ,   ,   ,   ,   ,   ,   ,   ,   ,   ,   ,   ,   
   ,3.5,   ,   ,   ,   ,   ,   ,   ,5.0,   ,   ,   ,   ,   ,5.0,   ,   ,   ,   ,   ,   ,   ,   ,   ,   ,   ,   ,   ,   
5.0,   ,   ,   ,   ,   ,   ,   ,   ,   ,3.5,   ,   ,   ,   ,5.0,   ,   ,   ,   ,   ,   ,   ,   ,   ,   ,   ,   ,   ,   
4.0,3.0,   ,   ,   ,   ,   ,   ,   ,   ,   ,   ,   ,   ,   ,4.0,   ,   ,   ,   ,   ,   ,   ,   ,   ,   ,   ,   ,   ,   
3.0,   ,   ,   ,   ,   ,   ,   ,   ,3.5,   ,   ,   ,   ,   ,   ,   ,   ,1.0,   ,3.5,   ,   ,   ,   ,   ,   ,   ,   ,   
   ,   ,   ,   ,   ,   ,   ,   ,   ,5.0,   ,   ,   ,   ,   ,3.0,4.0,   ,   ,   ,   ,   ,   ,   ,   ,   ,   ,   ,   ,   
5.0,2.5,   ,   ,   ,4.5,   ,   ,   ,3.0,   ,   ,   ,   ,2.5,4.0,   ,   ,1.5,   ,3.5,   ,   ,   ,4.5,   ,   ,   ,   ,   
   ,   ,   ,   ,   ,   ,   ,   ,   ,4.0,   ,   ,   ,   ,   ,   ,5.0,   ,   ,   ,   ,   ,   ,   ,   ,   ,   ,   ,   ,   
   ,   ,   ,   ,   ,   ,   ,   ,   ,   ,   ,   ,   ,   ,   ,   ,4.0,   ,   ,   ,   ,   ,   ,   ,   ,   ,   ,   ,   ,   
3.0,   ,   ,   ,   ,   ,   ,   ,   ,3.0,   ,   ,   ,   ,   ,   ,3.0,   ,   ,   ,   ,   ,   ,   ,   ,   ,   ,3.0,   ,   
   ,4.0,   ,   ,   ,   ,   ,   ,   ,4.0,4.0,   ,   ,   ,   ,   ,5.0,   ,   ,   ,3.0,   ,   ,   ,3.0,   ,   ,   ,   ,   
4.0,   ,   ,   ,   ,4.0,   ,   ,   ,3.0,4.0,   ,   ,   ,   ,   ,5.0,   ,   ,   ,   ,   ,   ,   ,   ,   ,   ,   ,   ,   
   ,   ,   ,   ,   ,   ,   ,   ,   ,4.0,   ,   ,   ,   ,   ,   ,   ,   ,   ,   ,   ,   ,   ,   ,   ,   ,   ,   ,   ,   
   ,   ,   ,   ,   ,   ,   ,   ,   ,4.0,   ,   ,   ,   ,   ,   ,   ,   ,   ,   ,   ,   ,   ,   ,   ,   ,   ,   ,   ,   
   ,   ,   ,   ,   ,   ,   ,   ,   ,4.0,   ,   ,   ,   ,   ,   ,   ,   ,   ,   ,   ,   ,   ,   ,   ,   ,   ,   ,   ,   
   ,   ,   ,   ,   ,   ,   ,   ,   ,4.0,   ,   ,   ,   ,   ,   ,   ,   ,   ,   ,   ,   ,   ,   ,   ,   ,   ,   ,   ,   
   ,   ,   ,   ,   ,   ,   ,   ,   ,2.0,   ,   ,   ,   ,   ,   ,   ,   ,   ,   ,   ,   ,   ,   ,   ,   ,   ,   ,   ,   
   ,   ,   ,   ,   ,   ,   ,   ,   ,5.0,   ,   ,   ,   ,   ,   ,   ,   ,   ,   ,2.0,   ,   ,   ,   ,   ,   ,   ,   ,   
   ,   ,   ,   ,   ,   ,   ,   ,   ,4.0,   ,   ,   ,   ,   ,   ,   ,   ,   ,   ,3.0,   ,   ,   ,   ,   ,   ,   ,   ,   
4.0,   ,   ,   ,   ,   ,   ,   ,   ,   ,   ,   ,   ,   ,   ,   ,4.0,   ,   ,   ,   ,   ,   ,   ,   ,3.0,   ,   ,   ,   
   ,   ,   ,   ,   ,3.0,   ,   ,   ,   ,4.0,   ,   ,   ,   ,   ,   ,   ,   ,   ,   ,   ,   ,3.5,   ,3.0,   ,   ,4.5,   
   ,   ,   ,   ,   ,   ,   ,   ,   ,   ,4.0,   ,   ,   ,2.0,   ,2.0,   ,   ,   ,   ,   ,   ,   ,   ,   ,   ,   ,5.0,   
2.0,3.0,   ,   ,   ,5.0,   ,   ,   ,   ,   ,   ,   ,   ,   ,3.0,   ,   ,   ,   ,4.0,   ,   ,3.0,   ,5.0,   ,   ,3.0,   
   ,   ,   ,   ,   ,   ,   ,   ,   ,   ,   ,   ,   ,   ,   ,   ,   ,   ,   ,   ,   ,   ,   ,   ,   ,   ,   ,   ,5.0,   
   ,   ,   ,   ,   ,   ,   ,   ,   ,   ,   ,   ,   ,   ,   ,   ,   ,   ,   ,   ,   ,   ,   ,   ,   ,   ,   ,   ,3.5,   
   ,   ,   ,   ,   ,   ,   ,   ,   ,   ,   ,   ,   ,   ,   ,   ,   ,   ,   ,   ,   ,   ,   ,   ,   ,   ,   ,   ,2.5,   
3.0,   ,   ,   ,   ,3.5,   ,   ,   ,   ,3.5,   ,   ,   ,   ,4.0,   ,   ,2.0,1.5,   ,   ,   ,3.5,   ,   ,   ,   ,   ,   
4.0,   ,   ,   ,   ,4.0,   ,   ,   ,   ,   ,   ,   ,   ,   ,   ,   ,   ,   ,   ,   ,   ,   ,   ,2.0,   ,   ,   ,5.0,   
   ,   ,   ,   ,   ,5.0,   ,   ,3.0,   ,4.0,   ,   ,   ,   ,5.0,   ,   ,4.0,   ,   ,   ,   ,4.0,   ,   ,   ,   ,   ,   
   ,   ,   ,   ,   ,4.5,   ,   ,   ,   ,   ,   ,   ,   ,   ,   ,   ,   ,   ,   ,   ,   ,   ,   ,4.5,   ,   ,   ,4.5,   
5.0,4.0,   ,   ,   ,   ,   ,   ,   ,   ,   ,   ,   ,   ,   ,   ,   ,   ,   ,   ,   ,   ,   ,4.0,   ,   ,   ,   ,5.0,   
   ,   ,   ,   ,   ,   ,   ,   ,   ,   ,2.5,   ,   ,   ,   ,   ,   ,   ,   ,   ,   ,   ,   ,   ,   ,   ,   ,   ,   ,   
   ,   ,   ,   ,   ,   ,   ,   ,   ,   ,5.0,   ,   ,   ,   ,   ,   ,   ,1.0,   ,   ,   ,   ,   ,   ,   ,   ,   ,   ,   
   ,   ,4.0,   ,   ,   ,   ,   ,4.0,   ,   ,   ,   ,4.0,   ,   ,   ,   ,   ,   ,   ,   ,   ,   ,   ,   ,   ,   ,   ,   
   ,   ,3.0,   ,   ,   ,   ,   ,   ,   ,   ,   ,   ,   ,   ,   ,   ,   ,   ,   ,   ,   ,   ,   ,   ,   ,   ,   ,   ,   
3.0,3.0,3.0,3.0,   ,3.0,3.0,   ,3.0,3.0,3.0,   ,   ,5.0,   ,5.0,   ,   ,   ,   ,3.0,3.0,1.0,   ,3.0,   ,   ,   ,3.0,   
5.0,   ,5.0,   ,5.0,   ,3.0,   ,3.0,   ,   ,3.0,   ,3.0,   ,   ,4.0,   ,   ,   ,   ,   ,   ,   ,5.0,5.0,   ,   ,   ,   
3.0,   ,3.0,   ,   ,   ,   ,   ,   ,   ,   ,   ,   ,   ,   ,   ,   ,   ,   ,   ,   ,   ,   ,   ,   ,   ,   ,   ,   ,   
   ,   ,4.0,   ,4.0,4.0,4.0,   ,5.0,4.0,5.0,   ,   ,   ,   ,4.0,   ,   ,4.0,   ,   ,   ,5.0,   ,   ,   ,   ,   ,   ,   
   ,5.0,5.0,   ,   ,   ,   ,   ,   ,   ,   ,   ,   ,   ,   ,   ,   ,   ,4.0,   ,   ,   ,   ,   ,   ,   ,   ,   ,   ,   
5.0,   ,5.0,   ,   ,3.0,   ,   ,   ,   ,   ,   ,   ,   ,   ,   ,   ,3.0,   ,   ,   ,   ,   ,   ,   ,   ,   ,   ,   ,   
4.0,   ,5.0,   ,3.0,3.0,   ,   ,   ,   ,   ,   ,   ,   ,   ,   ,2.0,   ,   ,   ,   ,   ,   ,   ,3.0,   ,   ,   ,   ,   
   ,   ,   ,   ,   ,   ,   ,   ,   ,   ,   ,   ,   ,4.0,   ,   ,   ,   ,   ,   ,   ,   ,   ,   ,4.0,   ,   ,4.0,   ,   
   ,5.0,4.0,3.0,4.0,   ,5.0,5.0,3.0,   ,5.0,   ,3.0,   ,   ,   ,3.0,   ,   ,   ,3.0,   ,   ,   ,1.0,   ,   ,   ,   ,   
   ,   ,   ,   ,3.0,4.0,3.0,   ,3.0,   ,   ,   ,   ,2.0,   ,   ,4.0,3.0,   ,   ,   ,   ,   ,   ,5.0,   ,   ,   ,   ,   
4.0,   ,4.0,   ,   ,3.0,3.0,   ,   ,   ,   ,   ,   ,   ,   ,   ,   ,   ,   ,   ,   ,   ,   ,   ,4.0,   ,   ,   ,   ,   
3.0,   ,   ,   ,   ,   ,   ,   ,   ,3.0,   ,   ,   ,   ,   ,   ,   ,   ,   ,   ,3.0,   ,   ,   ,   ,   ,   ,   ,   ,   
   ,   ,   ,   ,   ,   ,   ,   ,   ,3.0,   ,   ,   ,   ,   ,   ,   ,   ,   ,   ,3.0,   ,   ,   ,   ,   ,   ,   ,   ,   
   ,   ,   ,   ,   ,   ,   ,   ,   ,3.0,   ,   ,   ,   ,   ,   ,   ,   ,   ,   ,3.0,   ,   ,   ,   ,   ,   ,   ,   ,   
3.5,   ,   ,   ,   ,4.0,   ,   ,   ,1.5,   ,   ,   ,   ,   ,   ,   ,   ,   ,   ,3.5,   ,   ,   ,0.5,   ,   ,   ,   ,   
5.0,3.0,   ,   ,   ,3.0,   ,   ,   ,2.0,4.0,   ,   ,   ,   ,   ,   ,   ,1.0,   ,5.0,   ,   ,   ,   ,   ,   ,   ,   ,   
5.0,   ,   ,3.0,   ,   ,   ,   ,   ,   ,   ,   ,   ,   ,   ,   ,   ,   ,   ,2.0,4.0,   ,   ,   ,   ,   ,   ,   ,   ,   
5.0,3.0,   ,   ,   ,   ,   ,   ,   ,3.0,   ,   ,   ,   ,   ,   ,   ,   ,   ,   ,   ,   ,   ,   ,   ,   ,   ,   ,   ,   
3.5,2.5,   ,   ,   ,   ,   ,   ,   ,3.5,   ,2.0,   ,   ,   ,   ,   ,   ,   ,   ,   ,   ,   ,   ,   ,   ,   ,   ,   ,   
3.0,3.0,   ,   ,2.5,   ,   ,   ,   ,4.0,   ,   ,   ,   ,   ,   ,   ,   ,3.0,   ,3.5,   ,2.0,   ,4.0,   ,   ,   ,   ,   
   ,4.0,   ,   ,   ,   ,   ,   ,   ,5.0,   ,   ,   ,   ,   ,   ,   ,   ,3.0,   ,5.0,   ,   ,   ,   ,   ,   ,   ,   ,   
4.0,   ,   ,   ,   ,3.5,   ,   ,   ,3.0,   ,   ,   ,   ,   ,   ,   ,   ,   ,   ,   ,   ,   ,   ,   ,   ,   ,   ,   ,   
5.0,5.0,   ,   ,   ,   ,   ,   ,   ,4.0,   ,   ,   ,   ,   ,   ,   ,   ,   ,   ,   ,   ,   ,   ,   ,   ,   ,   ,   ,   
2.5,3.0,2.5,   ,   ,   ,   ,   ,   ,2.5,   ,   ,   ,   ,   ,   ,   ,   ,1.0,   ,2.5,3.5,   ,   ,   ,   ,   ,   ,   ,   
   ,5.0,   ,   ,2.5,   ,5.0,   ,   ,   ,4.0,   ,   ,   ,   ,   ,   ,   ,   ,   ,   ,   ,   ,   ,   ,   ,   ,   ,   ,   
   ,3.5,   ,   ,   ,   ,4.0,   ,   ,   ,3.5,   ,   ,   ,   ,   ,   ,   ,   ,   ,3.5,   ,   ,   ,   ,   ,   ,   ,   ,   
   ,4.5,   ,2.0,   ,   ,3.5,2.0,   ,   ,   ,   ,   ,   ,3.0,   ,   ,1.0,   ,2.0,   ,   ,   ,   ,   ,   ,   ,   ,   ,   
   ,5.0,   ,   ,   ,   ,   ,   ,   ,   ,   ,   ,   ,   ,   ,   ,   ,   ,   ,   ,   ,   ,   ,   ,   ,   ,   ,   ,   ,   
   ,3.5,   ,   ,   ,   ,   ,   ,   ,   ,   ,   ,   ,   ,   ,   ,   ,   ,   ,   ,   ,   ,   ,   ,   ,   ,   ,   ,   ,   
   ,   ,   ,   ,3.0,   ,3.5,   ,   ,3.5,4.0,   ,   ,   ,   ,   ,   ,2.5,   ,   ,   ,   ,   ,   ,4.0,   ,   ,   ,   ,   
4.0,3.0,   ,   ,   ,   ,   ,   ,   ,   ,3.5,   ,   ,   ,   ,   ,   ,   ,   ,   ,   ,   ,   ,   ,   ,   ,   ,   ,   ,   
2.0,2.5,   ,   ,   ,   ,0.5,   ,   ,   ,   ,   ,   ,   ,   ,   ,   ,   ,   ,   ,   ,   ,   ,   ,   ,   ,   ,   ,   ,   
5.0,4.0,2.0,3.0,   ,   ,5.0,4.0,   ,   ,   ,   ,   ,   ,   ,   ,   ,   ,   ,   ,   ,   ,   ,   ,2.0,   ,   ,   ,   ,   
   ,4.0,   ,   ,   ,   ,   ,   ,   ,   ,   ,   ,   ,   ,   ,   ,   ,   ,3.0,   ,   ,   ,   ,   ,   ,   ,   ,   ,   ,   
   ,4.0,   ,   ,   ,   ,   ,   ,   ,   ,   ,   ,   ,   ,   ,   ,   ,   ,3.0,   ,   ,   ,   ,   ,   ,   ,   ,   ,   ,   
3.0,3.5,   ,   ,   ,   ,   ,   ,   ,   ,   ,   ,   ,   ,   ,   ,   ,   ,   ,   ,   ,   ,   ,   ,   ,   ,   ,   ,   ,   
2.0,3.0,   ,   ,   ,   ,   ,   ,   ,   ,   ,   ,   ,   ,   ,   ,   ,   ,2.0,   ,   ,   ,   ,   ,   ,   ,   ,   ,   ,   
   ,   ,   ,   ,5.0,   ,   ,   ,   ,   ,   ,4.0,   ,   ,   ,   ,   ,4.0,   ,   ,   ,   ,   ,   ,   ,   ,   ,   ,   ,   
   ,   ,   ,   ,3.0,   ,   ,   ,   ,   ,   ,   ,   ,   ,   ,   ,   ,   ,   ,   ,   ,   ,   ,   ,   ,   ,   ,   ,   ,   
   ,   ,   ,   ,4.0,   ,   ,   ,   ,   ,   ,   ,   ,   ,   ,   ,   ,   ,   ,   ,   ,   ,   ,   ,   ,   ,   ,   ,   ,   
   ,   ,   ,   ,4.5,   ,   ,   ,   ,   ,   ,   ,   ,   ,   ,   ,   ,   ,   ,   ,   ,   ,   ,   ,   ,   ,   ,   ,   ,   
   ,   ,   ,   ,4.0,   ,   ,   ,   ,   ,   ,   ,   ,   ,   ,   ,   ,   ,   ,   ,   ,   ,   ,   ,   ,   ,   ,   ,   ,   
4.0,   ,4.0,   ,3.0,   ,3.0,   ,   ,   ,   ,   ,   ,   ,   ,   ,   ,5.0,   ,   ,   ,   ,   ,   ,   ,   ,   ,   ,   ,   
5.0,3.5,   ,   ,5.0,   ,   ,   ,   ,   ,   ,   ,   ,   ,   ,   ,   ,   ,4.0,   ,   ,   ,   ,   ,   ,   ,   ,   ,   ,   
   ,   ,2.0,   ,4.0,3.0,3.0,   ,   ,   ,   ,   ,   ,   ,   ,   ,4.0,   ,   ,   ,   ,   ,   ,   ,   ,   ,   ,   ,   ,   
3.0,   ,   ,   ,   ,5.0,   ,   ,   ,   ,   ,3.0,   ,   ,   ,4.0,4.0,4.0,   ,   ,   ,   ,   ,   ,   ,   ,   ,5.0,   ,   
   ,   ,   ,   ,   ,   ,1.0,   ,   ,   ,   ,4.0,   ,   ,   ,3.0,   ,   ,   ,   ,   ,   ,   ,   ,   ,   ,   ,   ,5.0,   
   ,   ,   ,   ,   ,   ,   ,   ,   ,3.0,   ,   ,   ,   ,   ,   ,   ,4.0,   ,3.0,3.0,   ,   ,   ,   ,   ,3.0,   ,   ,   
   ,   ,   ,   ,   ,3.0,   ,   ,   ,   ,   ,   ,   ,   ,   ,3.0,   ,4.0,   ,   ,3.0,   ,   ,   ,4.0,   ,   ,   ,   ,   
2.0,2.0,   ,   ,4.5,4.0,   ,   ,   ,3.0,2.5,   ,   ,2.5,   ,3.5,3.0,   ,1.0,   ,4.5,2.5,   ,   ,3.0,   ,   ,   ,   ,   
5.0,   ,   ,   ,   ,   ,   ,   ,   ,   ,   ,   ,   ,   ,   ,   ,   ,   ,   ,   ,   ,   ,   ,   ,   ,   ,   ,   ,   ,   
5.0,   ,   ,   ,   ,   ,   ,   ,   ,   ,   ,   ,   ,   ,   ,   ,   ,   ,   ,   ,   ,   ,   ,   ,   ,   ,   ,   ,   ,   
4.0,   ,   ,   ,   ,   ,   ,   ,   ,   ,   ,   ,   ,   ,   ,   ,   ,   ,   ,   ,   ,   ,   ,   ,   ,   ,   ,   ,   ,   
4.0,   ,   ,   ,   ,   ,   ,   ,   ,   ,   ,   ,   ,   ,   ,   ,   ,   ,   ,   ,   ,   ,   ,   ,   ,   ,   ,   ,   ,   
3.5,   ,   ,   ,   ,   ,   ,   ,   ,   ,   ,   ,   ,   ,   ,   ,   ,   ,   ,   ,   ,   ,   ,   ,   ,   ,   ,   ,   ,   
5.0,   ,   ,   ,   ,   ,   ,   ,   ,   ,   ,   ,   ,   ,   ,   ,   ,   ,   ,   ,   ,   ,   ,   ,   ,   ,   ,   ,   ,   
1.0,   ,   ,   ,   ,   ,   ,   ,   ,   ,   ,   ,   ,   ,   ,   ,   ,   ,   ,   ,   ,   ,   ,   ,   ,   ,   ,   ,   ,   
4.0,   ,   ,   ,   ,   ,   ,   ,   ,   ,   ,   ,   ,   ,   ,   ,   ,   ,   ,   ,   ,   ,   ,   ,   ,   ,   ,   ,   ,   
2.5,   ,   ,   ,   ,   ,   ,   ,   ,   ,   ,   ,   ,   ,   ,   ,   ,   ,   ,   ,   ,   ,   ,   ,   ,   ,   ,   ,   ,   
2.0,   ,   ,   ,   ,   ,   ,   ,   ,   ,   ,   ,   ,   ,   ,   ,   ,   ,   ,   ,   ,   ,   ,   ,   ,   ,   ,   ,   ,   
4.0,   ,   ,   ,   ,   ,   ,   ,   ,   ,   ,   ,   ,   ,   ,   ,   ,   ,   ,   ,   ,   ,   ,   ,   ,   ,   ,   ,   ,   
3.0,   ,   ,   ,   ,   ,   ,   ,   ,   ,   ,   ,   ,   ,   ,   ,   ,   ,   ,   ,   ,   ,   ,   ,   ,   ,   ,   ,   ,   
5.0,   ,   ,   ,   ,   ,   ,   ,   ,   ,   ,   ,   ,   ,   ,   ,   ,   ,   ,   ,   ,   ,   ,   ,   ,   ,   ,   ,   ,   
3.5,   ,2.5,3.5,   ,   ,   ,   ,   ,   ,   ,   ,   ,   ,   ,   ,3.5,   ,   ,   ,   ,   ,   ,   ,   ,   ,   ,   ,   ,   
4.0,2.0,   ,   ,   ,   ,   ,   ,   ,   ,   ,   ,   ,   ,   ,   ,3.0,   ,   ,   ,   ,   ,   ,   ,   ,   ,   ,3.0,   ,   
4.0,   ,   ,   ,   ,   ,   ,   ,   ,   ,   ,   ,   ,   ,   ,   ,   ,   ,   ,   ,   ,   ,   ,   ,   ,   ,   ,   ,   ,   
4.0,   ,   ,   ,   ,   ,   ,   ,   ,   ,   ,   ,   ,   ,   ,   ,   ,   ,   ,   ,   ,   ,   ,   ,   ,   ,   ,   ,   ,   
4.0,   ,   ,   ,   ,   ,   ,   ,   ,   ,   ,   ,   ,   ,   ,   ,   ,   ,   ,   ,   ,   ,   ,   ,   ,   ,   ,   ,   ,   
5.0,   ,   ,   ,   ,   ,   ,   ,   ,   ,   ,   ,   ,   ,   ,   ,   ,   ,   ,   ,   ,   ,   ,   ,   ,   ,   ,   ,   ,   
5.0,   ,   ,   ,   ,   ,   ,   ,   ,   ,   ,   ,   ,   ,   ,   ,   ,   ,   ,   ,   ,   ,   ,   ,   ,   ,   ,   ,   ,   
3.0,   ,   ,   ,   ,   ,   ,   ,   ,   ,   ,   ,   ,   ,   ,   ,   ,   ,0.5,   ,   ,   ,   ,   ,   ,   ,   ,   ,   ,   
4.0,   ,   ,   ,   ,   ,   ,   ,   ,   ,3.5,   ,   ,   ,   ,   ,4.0,   ,   ,   ,5.0,   ,   ,   ,3.5,   ,   ,   ,   ,   
3.5,2.5,   ,   ,   ,   ,   ,   ,   ,   ,   ,   ,   ,   ,   ,   ,   ,   ,   ,   ,   ,   ,   ,   ,   ,   ,   ,   ,   ,   
4.0,3.5,   ,   ,   ,   ,   ,   ,   ,   ,   ,   ,   ,   ,   ,   ,   ,   ,   ,   ,   ,   ,   ,   ,   ,   ,   ,   ,   ,   
4.0,   ,   ,   ,   ,   ,   ,   ,   ,   ,4.0,   ,   ,   ,   ,   ,   ,   ,   ,   ,   ,   ,   ,   ,   ,   ,   ,   ,   ,   
4.5,3.0,   ,   ,   ,   ,   ,   ,   ,   ,   ,   ,   ,   ,   ,   ,   ,   ,4.0,   ,   ,   ,   ,   ,   ,   ,   ,   ,   ,   
   ,   ,   ,   ,   ,5.0,   ,   ,   ,   ,   ,   ,   ,   ,   ,   ,   ,   ,   ,   ,   ,   ,   ,   ,   ,   ,   ,   ,   ,   
   ,   ,   ,   ,   ,5.0,   ,   ,   ,   ,   ,   ,   ,   ,   ,   ,   ,   ,   ,   ,1.0,   ,   ,   ,   ,   ,   ,   ,   ,   
   ,   ,   ,   ,   ,4.0,   ,   ,   ,   ,   ,   ,   ,   ,   ,   ,   ,   ,   ,   ,   ,   ,   ,   ,3.0,   ,   ,   ,   ,   
4.0,   ,   ,   ,   ,5.0,   ,   ,   ,   ,   ,   ,   ,   ,   ,   ,   ,   ,   ,   ,   ,   ,   ,   ,   ,   ,   ,   ,   ,   
3.0,   ,   ,   ,3.0,5.0,2.0,   ,3.0,   ,   ,   ,   ,   ,   ,   ,   ,   ,   ,   ,   ,   ,   ,   ,   ,   ,   ,   ,   ,   
   ,   ,   ,   ,   ,3.0,   ,   ,   ,   ,   ,   ,   ,   ,   ,   ,   ,   ,   ,   ,4.0,   ,   ,   ,   ,   ,   ,   ,   ,   
   ,   ,   ,   ,   ,4.5,   ,   ,   ,2.5,   ,4.0,   ,   ,   ,4.0,   ,   ,   ,   ,   ,   ,3.5,   ,4.0,   ,   ,   ,   ,   
5.0,5.0,   ,   ,   ,5.0,   ,   ,   ,4.0,   ,   ,   ,   ,   ,   ,   ,4.0,   ,   ,   ,4.0,3.0,   ,   ,   ,   ,   ,   ,   
   ,   ,   ,   ,   ,4.0,   ,   ,   ,5.0,   ,   ,   ,   ,   ,5.0,   ,   ,   ,   ,3.0,4.0,   ,   ,   ,   ,   ,   ,   ,   
   ,2.0,   ,   ,   ,4.0,4.0,   ,   ,3.0,   ,   ,   ,   ,   ,5.0,   ,   ,   ,1.0,4.0,   ,   ,   ,4.0,   ,   ,   ,   ,   
4.0,2.0,   ,   ,   ,4.0,   ,4.0,   ,   ,4.0,   ,   ,4.0,   ,5.0,   ,2.0,   ,   ,5.0,   ,4.0,   ,4.0,   ,   ,   ,   ,   
   ,   ,   ,   ,   ,3.0,   ,   ,   ,3.5,3.5,   ,   ,   ,   ,5.0,   ,   ,2.0,   ,3.5,2.5,   ,   ,4.0,   ,   ,   ,   ,   
   ,5.0,   ,3.0,5.0,4.0,   ,5.0,4.0,3.0,   ,   ,   ,   ,   ,5.0,   ,   ,   ,5.0,5.0,   ,   ,5.0,4.0,   ,   ,   ,   ,   
   ,   ,   ,   ,   ,   ,   ,   ,   ,   ,   ,   ,   ,   ,   ,   ,   ,   ,   ,   ,5.0,   ,   ,   ,   ,   ,   ,   ,   ,   
   ,   ,   ,   ,   ,   ,   ,   ,   ,   ,   ,   ,   ,   ,   ,   ,   ,   ,   ,   ,4.0,2.0,   ,   ,   ,   ,   ,   ,   ,   
   ,   ,   ,   ,   ,   ,   ,   ,   ,   ,   ,   ,   ,   ,   ,4.5,   ,   ,   ,   ,3.0,   ,   ,   ,   ,   ,   ,   ,   ,   
   ,   ,   ,   ,   ,   ,   ,   ,   ,   ,5.0,   ,   ,   ,   ,   ,5.0,   ,   ,   ,4.0,   ,   ,   ,   ,   ,   ,   ,   ,   
   ,5.0,2.0,   ,3.0,   ,   ,   ,   ,5.0,   ,   ,   ,   ,   ,   ,   ,   ,3.0,   ,4.0,   ,3.0,   ,   ,   ,   ,   ,   ,   
3.0,   ,   ,   ,   ,   ,   ,   ,   ,   ,1.0,   ,   ,4.0,   ,   ,5.0,5.0,1.0,   ,1.0,   ,   ,   ,3.0,4.0,   ,4.0,4.0,5.0
   ,   ,   ,   ,   ,   ,   ,   ,   ,   ,   ,   ,   ,   ,   ,   ,   ,   ,   ,   ,   ,   ,   ,2.5,   ,   ,   ,   ,   ,   
   ,   ,   ,   ,   ,   ,   ,   ,   ,   ,   ,   ,   ,   ,   ,4.5,   ,   ,   ,   ,   ,   ,   ,   ,   ,   ,   ,   ,   ,   
   ,3.5,   ,   ,   ,   ,   ,   ,   ,   ,   ,   ,   ,   ,   ,   ,   ,   ,   ,   ,   ,   ,   ,   ,   ,   ,   ,   ,4.0,   
3.0,   ,   ,   ,   ,   ,3.0,   ,   ,   ,   ,   ,   ,   ,   ,   ,   ,   ,   ,   ,   ,   ,   ,   ,4.0,   ,   ,   ,   ,   
5.0,   ,   ,   ,   ,   ,   ,   ,   ,   ,   ,3.5,   ,   ,   ,   ,   ,   ,4.0,   ,   ,   ,3.5,   ,   ,   ,   ,   ,   ,   
   ,   ,   ,   ,   ,   ,   ,   ,   ,   ,   ,   ,   ,   ,   ,3.5,   ,   ,   ,   ,   ,   ,   ,   ,   ,   ,   ,   ,   ,   
   ,   ,   ,   ,   ,   ,   ,   ,   ,   ,   ,   ,   ,   ,   ,4.0,   ,   ,   ,   ,   ,   ,   ,   ,   ,   ,   ,   ,   ,   
   ,   ,   ,   ,   ,   ,   ,   ,   ,2.5,   ,   ,   ,   ,   ,   ,   ,   ,   ,   ,   ,   ,   ,   ,4.5,   ,   ,   ,   ,   
   ,4.0,   ,   ,   ,   ,   ,   ,   ,4.0,   ,   ,   ,   ,   ,   ,   ,   ,   ,   ,   ,3.0,   ,4.0,   ,   ,   ,   ,   ,   
   ,   ,   ,   ,   ,   ,   ,   ,   ,   ,   ,   ,   ,   ,   ,5.0,   ,   ,   ,   ,   ,   ,   ,   ,   ,   ,   ,   ,   ,   
   ,   ,   ,   ,   ,   ,   ,   ,   ,   ,   ,   ,   ,   ,   ,   ,   ,   ,   ,   ,   ,   ,   ,4.0,   ,   ,   ,   ,   ,   
   ,   ,   ,   ,   ,   ,   ,   ,   ,   ,   ,   ,   ,   ,   ,   ,   ,   ,3.0,   ,   ,   ,   ,   ,   ,   ,   ,   ,   ,   
